36.7265 2.8950 -1.9627 2.2716 0.9917 -2.0791 -2.2140 -3.7172
-336.8339 1.6817 -2.2916 3.3894 1.7912 -3.3394 -1.9660 3.4631
247.4744 0.2044 2.7482 0.2706 -1.6460 -2.9089 -1.1728 0.2585
127.7361 -0.3324 -0.2716 -3.7625 -0.6678 3.2157 0.6731 0.7550
-51.4572 2.5079 3.7353 0.5312 -0.7645 -1.5960 1.5939 -1.8036
-192.1224 -0.0748 2.5682 0.4892 -2.1008 0.3627 -0.5819 -0.0492
45.5878 1.2144 0.9219 2.6989 2.3236 1.9639 -2.4581 2.9662
-340.6403 2.9520 -0.7509 -1.8935 3.3866 2.5709 3.8765 -2.3415
47.6809 -2.8765 3.3434 -3.8387 2.1646 -1.7347 3.8761 -1.5950
50.6935 2.6168 -1.7029 -2.1737 3.3455 3.7347 -3.4118 3.6178
58.8058 2.6013 -3.9679 2.8243 -1.7182 -1.3697 -2.7520 -0.6404
232.5622 -0.3777 -3.4385 -3.2100 3.7969 0.1676 -2.1489 0.2577
-240.7207 2.2592 -3.4873 -3.7923 -0.3140 3.4365 -0.2177 0.9347
164.4589 0.4378 0.7091 -1.7507 -3.0185 1.7571 1.7896 2.8760
-185.6723 -3.5148 -0.7756 -3.7837 -1.6986 -3.6903 3.4888 -0.5567
-161.0145 -1.3245 0.1349 2.4388 2.8038 1.4494 1.8314 -3.8327
-188.2110 3.2512 0.4166 3.4157 -3.0891 -2.9513 -0.7228 -3.7592
-77.4515 -0.5991 -1.7836 1.9049 -3.5618 -2.1733 0.4111 -3.8494
-30.2315 -0.9784 1.3742 3.9624 -1.7126 -3.9498 -3.7082 -3.8912
-192.6552 -2.3601 -0.1122 -1.1478 2.6712 -0.7199 2.5983 3.4721