36.7265 2.8950 -1.9627 2.2716 0.9917 -2.0791 -2.2140 -3.7172
-336.8339 1.6817 -2.2916 3.3894 1.7912 -3.3394 -1.9660 3.4631
247.4744 0.2044 2.7482 0.2706 -1.6460 -2.9089 -1.1728 0.2585
127.7361 -0.3324 -0.2716 -3.7625 -0.6678 3.2157 0.6731 0.7550
-51.4572 2.5079 3.7353 0.5312 -0.7645 -1.5960 1.5939 -1.8036
-192.1224 -0.0748 2.5682 0.4892 -2.1008 0.3627 -0.5819 -0.0492
45.5878 1.2144 0.9219 2.6989 2.3236 1.9639 -2.4581 2.9662
-340.6403 2.9520 -0.7509 -1.8935 3.3866 2.5709 3.8765 -2.3415
47.6809 -2.8765 3.3434 -3.8387 2.1646 -1.7347 3.8761 -1.5950
50.6935 2.6168 -1.7029 -2.1737 3.3455 3.7347 -3.4118 3.6178
58.8058 2.6013 -3.9679 2.8243 -1.7182 -1.3697 -2.7520 -0.6404
232.5622 -0.3777 -3.4385 -3.2100 3.7969 0.1676 -2.1489 0.2577
-240.7207 2.2592 -3.4873 -3.7923 -0.3140 3.4365 -0.2177 0.9347
164.4589 0.4378 0.7091 -1.7507 -3.0185 1.7571 1.7896 2.8760
-185.6723 -3.5148 -0.7756 -3.7837 -1.6986 -3.6903 3.4888 -0.5567
-161.0145 -1.3245 0.1349 2.4388 2.8038 1.4494 1.8314 -3.8327
-188.2110 3.2512 0.4166 3.4157 -3.0891 -2.9513 -0.7228 -3.7592
-77.4515 -0.5991 -1.7836 1.9049 -3.5618 -2.1733 0.4111 -3.8494
-30.2315 -0.9784 1.3742 3.9624 -1.7126 -3.9498 -3.7082 -3.8912
-192.6552 -2.3601 -0.1122 -1.1478 2.6712 -0.7199 2.5983 3.4721
-341.4770 -1.2702 1.0107 0.6880 3.3575 -2.0703 3.1511 1.7648
-169.3114 -3.1163 2.8157 2.4736 0.4877 1.0345 0.2289 2.0600
105.6437 1.8655 3.6577 3.4156 -1.9214 2.4058 0.8006 3.4136
-256.8221 3.1765 2.0357 0.3130 -3.8063 -3.3290 1.5449 -3.5031
-185.5907 -2.4067 0.5915 -0.5019 -2.5232 -1.1049 2.1435 0.2366
238.0242 0.0301 -3.3278 -0.4683 -1.9179 0.4802 0.7893 -0.0210
-58.4780 -3.6880 -1.0029 -3.4036 3.6052 -3.6052 -1.8407 -1.1785
-399.2444 -0.3511 1.0309 3.0266 -3.7074 -1.4061 -1.8447 -2.9726
-119.2437 -3.6537 2.3360 0.1777 3.3206 -0.4572 1.4172 -2.0452
-243.4189 -3.1540 1.4745 -3.0844 -0.6156 1.4256 -3.3404 2.3782
-177.4949 2.7378 1.7548 -1.7047 0.0392 3.0400 1.5995 -1.9947
259.5128 -2.2055 -2.1157 1.7039 -2.0053 -1.9133 -2.0473 -1.7092
7.0354 3.3150 -1.6196 -0.6606 2.6369 3.5804 0.8005 1.1922
358.5759 -3.1144 2.7169 -2.7266 1.6787 -2.3203 3.9721 0.2264
46.3917 1.9107 3.6778 2.0556 2.2709 -1.0610 -2.1963 -2.1667
9.3387 2.6549 3.6573 0.3011 2.2195 2.4892 2.3260 1.2195
349.7228 -3.7282 -2.0520 2.2612 -1.0266 3.2954 0.3980 3.0432
193.9005 0.9159 -0.9979 1.4691 -1.1248 1.8782 0.5224 -1.7971
-327.2110 -0.1637 3.3767 0.1511 -1.9203 -2.0316 0.5843 0.2190
240.2731 -3.8786 1.9324 1.1469 3.2762 -3.1985 1.0226 -1.6310
-358.4091 -3.0289 2.1402 -0.5212 3.4480 -2.7894 -1.6221 -3.1521
-180.7761 1.8457 -1.0529 -2.3049 -2.6069 -0.4394 -3.7041 3.2626
344.3208 -2.6190 2.0953 -3.0882 0.7860 -2.2031 -2.5672 -0.1966
-151.9326 0.0633 3.1314 3.6475 -0.1379 -3.9712 -0.7743 2.4024
23.4190 -2.4794 -0.5947 -2.4100 -2.9666 -2.0130 -1.7568 -3.6364
149.3929 3.2066 -0.1502 0.4852 -1.0559 0.0729 -3.7819 -2.1805
96.3395 1.8343 -2.1600 0.4283 2.6648 -3.0688 -0.7727 -0.0022
214.1024 1.3813 3.2129 2.2002 3.2271 3.1277 0.1671 -2.1637
323.1484 -1.9962 0.5518 -0.0871 0.2506 1.8373 2.9905 -2.9695
292.6340 2.7134 1.5070 1.4727 -0.1483 1.6632 -1.7606 2.8463
316.0605 -0.8531 0.8214 -2.7377 3.9131 3.0498 -1.7952 -0.5929
-73.3883 3.7157 1.7621 -1.0367 -2.9597 -1.0574 1.1134 1.2912
248.7426 1.3302 -3.6829 1.9204 0.8008 -2.7061 -1.3504 1.4156
-149.0870 -2.1892 0.1314 1.7190 3.9280 1.7484 1.9365 -0.3041
231.2541 -2.8372 2.5724 -1.7802 2.4553 3.6214 -2.6217 1.4781
-287.2569 -3.9681 -0.3061 3.0748 -1.3196 0.6702 3.8224 3.7224
-299.4092 -1.1423 -1.3026 -2.9643 -3.2661 3.0753 0.0467 3.3608
-50.8834 0.8190 0.8500 1.3957 2.5782 3.4177 1.5197 3.4125
292.8475 -3.6897 -0.0073 0.0901 -2.2083 1.9799 -0.5608 3.6015
-347.6489 3.6536 3.0734 1.3796 1.3202 -3.1084 -0.2220 1.1952
-144.8792 -0.9305 1.8502 2.5892 1.1167 -3.0088 -0.8927 -2.4706
-63.9240 3.4418 1.5611 3.8655 -2.2382 -1.8783 3.4396 -0.7861
374.7726 1.6724 -2.9051 -1.1024 1.7336 3.4410 2.3222 -0.6259
63.0207 3.7558 -2.5230 -2.1246 0.1095 1.9469 1.6158 -1.5399
191.7574 -0.0273 1.3830 0.4153 -3.2324 1.4926 -2.8606 -0.9296
-361.2025 0.7897 2.2947 -2.4254 1.5590 -2.3081 -3.7031 -2.1439
-13.2315 2.7713 -3.1494 -1.9514 1.1453 2.3657 -0.1869 3.4136
181.3782 -2.6076 1.2969 -1.2006 -3.0837 1.9418 1.6686 -1.5946
155.8360 1.7586 1.7978 -0.4291 0.5867 -3.9188 2.3581 0.4585
-138.4646 2.4108 1.2283 -0.0958 0.2828 -0.8902 -3.5929 2.9717
89.6535 -1.6859 -1.1928 1.8044 -0.4420 1.0436 1.9570 1.9867
-392.6945 1.5977 -2.9707 -2.0774 -2.1637 -3.9986 -2.3637 -1.1480
211.8817 3.3703 2.5624 1.4179 -0.3812 1.7491 1.8343 1.9041
274.2905 3.9763 -3.3865 0.4441 0.7725 2.4660 2.2286 3.7348
-310.8877 -1.8636 -3.4721 3.5148 -0.7165 3.5700 -2.2290 -0.2435
95.3564 2.1567 1.7558 -2.7967 -1.7202 -3.1287 -1.8042 -2.4073
-282.1093 3.0426 3.8904 -3.1715 3.3277 -1.4892 -1.5244 -3.4853
-373.0521 -3.5818 1.6020 -3.0271 -0.7624 -0.3030 0.3865 -2.4045
77.1408 -0.5043 -1.1669 -3.6205 1.2202 1.5861 0.6775 0.2570
166.6224 3.9421 0.7097 -3.8730 1.0728 0.4848 3.7280 -1.3348
185.5002 3.7676 -0.5192 3.6071 2.6646 -3.2137 3.0501 -3.3288
208.6913 3.1061 -2.8945 1.7344 1.4367 3.5794 1.0607 -0.9455
208.9811 1.8061 2.3775 2.8402 1.6999 1.0306 3.6579 -2.5583
199.6013 -2.5137 2.4134 -1.2426 0.8096 0.7498 -2.1376 3.3923
-157.1203 2.0826 0.0751 1.7834 -2.3900 0.3587 -3.7262 -2.0531
-171.5056 -1.0626 -3.1921 0.7767 -2.9378 -0.0900 0.6113 -0.4659
-150.6133 1.8098 -1.7806 3.4405 3.9310 -3.9734 1.3102 1.1149
-370.0833 3.3657 2.6640 0.0602 -2.1006 -0.1721 0.4265 1.2608
41.7357 0.8826 -2.9387 2.3673 3.5841 -0.0249 -2.2405 3.6362
184.7911 3.0592 -1.1443 -0.5588 2.0867 2.4322 0.9391 2.6816
348.6779 -3.2360 2.1814 -2.2358 -3.0412 1.6724 1.7744 -3.7069
372.7747 -3.3197 3.5638 1.5216 3.8117 -0.5322 2.3775 -2.4359
239.3435 0.8808 1.3040 0.1752 -1.5173 -0.7642 2.3060 3.5023
186.5681 0.6063 -3.9147 -1.4486 0.2235 0.0665 2.7967 0.8814
-44.9550 1.8923 -2.7889 -1.5022 2.5864 1.3467 -2.0451 -1.7319
136.2846 3.5128 0.1031 0.0254 3.4678 -0.6636 -0.0145 -1.5192
-136.5191 -3.6067 0.3842 -2.7459 -3.6313 0.1109 0.5705 2.5426
-98.2707 -0.4825 0.5986 1.4666 -2.3453 3.3369 3.5350 1.4101
105.3647 -3.4452 3.0182 -0.5930 -1.7054 0.6112 1.0622 3.5752
181.9276 1.8102 2.3886 0.9035 -1.0689 2.8545 -0.2259 -1.8497
222.6309 2.8463 3.4230 -3.3547 -2.6149 1.3029 2.7115 -2.4792
-297.0056 3.7618 -0.6739 -3.1897 -3.9028 2.4720 3.2121 1.9589
198.7710 -0.4323 0.4827 -3.0198 2.7302 -1.0472 -0.7044 -3.7560
-54.5839 -2.3332 2.5277 -2.1519 -1.4968 -3.5405 3.3830 -1.2896
-47.1464 1.0041 3.1390 -2.0182 0.9037 2.0730 3.5503 3.8542
-220.7559 -0.0226 -1.2191 1.8309 0.1974 -3.1733 1.0063 1.7028
-358.5419 -2.0120 1.4157 -0.6950 2.4869 0.5055 3.4428 0.9926
387.8485 -3.2846 1.8797 -2.3006 -3.6596 -2.4290 0.8871 -2.8636
391.3502 -1.7489 0.6970 -3.8605 -1.9569 1.6322 3.4043 -1.6162
-77.8311 2.4085 1.9143 0.1287 0.1077 1.5822 -3.8928 -2.5328
-159.9438 3.3670 3.8848 1.1204 2.0277 2.8213 2.1233 3.6227
-67.4849 2.5585 -1.6948 1.7468 -1.0157 -1.7658 0.5808 1.1698
-14.6060 -3.7462 -0.8107 -3.8332 0.9203 3.2403 -1.0978 -2.3031
373.5046 3.9026 1.0775 -1.8883 1.1176 1.8756 1.1097 -0.4798
-160.2450 -3.6107 -1.1609 -3.3937 -3.2099 -1.0546 -0.0859 -2.8332
185.4235 -2.9966 -2.2235 1.3682 0.4932 -1.0450 -3.4242 -3.1083
-201.5887 1.7034 -2.6838 0.6557 1.4307 -1.1269 3.6783 0.4768
128.9618 -0.2941 -3.6446 -1.8097 -1.7280 1.5243 -2.0514 3.6680
-101.3341 0.2110 2.4018 -0.7516 -0.9120 3.6188 -3.3692 0.3750
-81.0557 0.4111 3.9696 0.2486 3.4780 -0.7663 -2.1512 -1.6336
13.9057 1.3793 0.4293 -0.3857 2.6646 0.4437 0.6391 1.0272
-321.0226 0.9890 2.6281 -3.5179 2.2606 -2.6652 -3.3056 -3.8093
205.8426 0.7672 -0.8235 -2.1978 -2.2829 -0.0453 0.1780 -3.9077
-213.4836 -2.6092 0.5812 0.6358 -1.6353 -0.1212 -1.1385 1.8404
197.1652 0.6525 3.9242 -0.3754 -3.0272 -1.0560 -3.5731 -0.8128
-211.9087 1.2167 3.0006 2.5950 1.5515 0.4798 3.1805 2.4896
149.2788 2.3931 1.1934 0.8664 -3.5602 0.8345 -1.6762 1.7773
-265.3692 2.9226 1.7841 -0.0318 -2.8879 0.9534 -1.8844 -3.4927
-128.0247 1.9653 3.2042 -2.2167 0.0798 0.3959 -1.8152 0.7109
378.2725 1.2387 0.8189 1.2705 -0.1836 3.7730 3.5804 3.3048
-281.1305 1.1922 3.0448 -3.8317 -1.0473 1.3196 -1.4779 -0.7550
-196.9824 -0.0730 -2.4584 0.3943 1.4698 -2.3299 3.0150 -0.4675
-71.3639 -1.6433 2.5062 -0.9802 2.4557 0.0828 1.5443 -0.3553
209.9285 3.5331 -0.5188 -3.6866 3.8874 -2.7943 -2.9464 -0.8067
-161.4835 -1.8909 0.3422 1.7638 3.5837 -2.7853 -2.6702 -2.9162
-246.2700 2.5325 -1.7408 -3.6955 -3.0982 -1.6097 -2.8790 -1.2530
-347.0853 -2.4408 -1.1688 -0.5858 -1.1631 -0.0566 3.6355 3.9270
283.1628 -2.8153 -3.7829 -1.2687 3.0617 -1.1334 -0.4417 3.9904
-336.3929 -2.3676 -1.4266 -1.7430 -2.6185 -2.9428 -3.1785 3.8289
178.4108 1.9505 1.7091 -2.4226 3.7276 -1.2396 -3.8486 3.7464
-370.6654 -3.2495 3.3294 0.0586 3.4619 1.9330 -3.6721 0.7744
-126.4135 3.8571 -0.4193 3.4232 -1.6206 1.0776 -1.6660 -3.9168
313.3966 3.5160 -1.7369 3.0222 3.7883 -0.2638 -2.0830 1.5909
68.6728 -0.9357 -2.3466 2.3421 0.9645 3.9338 3.9998 -0.2908
223.8217 2.1332 0.8641 -1.8445 -3.7981 1.9640 -0.0886 2.4399
238.4479 0.4475 -1.6959 2.1158 -2.6220 -0.7605 2.7303 -1.1297
-314.2787 3.3048 3.7541 -0.2081 3.7131 -2.1964 -0.2098 -1.7482
189.5391 -2.7917 -3.2814 3.2399 -3.6847 -1.9245 -2.0494 0.7827
-98.2436 1.1725 1.2039 1.5397 -2.4122 -1.1815 0.7566 3.4677
-87.7508 -0.8459 3.8367 0.9862 -3.4836 -1.7156 -2.4978 -2.4704
-336.8609 0.1755 1.6407 2.2829 1.6301 -3.0113 -3.7543 -2.1821
58.8475 -0.1763 -1.5440 -2.5051 -2.9692 -2.7138 -3.7122 2.6006
-239.1037 -0.0312 2.2373 -0.6643 1.4703 0.8941 -1.4119 3.4243
-308.0710 -3.9276 -1.8369 -0.1174 -1.6145 -2.0848 3.0140 -1.0715
-180.9848 -1.4765 1.1075 -0.2623 1.1322 -2.9417 0.7321 -0.6420
26.2515 3.9331 -3.3234 3.8589 0.3590 -2.6983 1.0121 0.1289
-268.8596 -2.1539 -3.9770 -2.7109 0.6615 -1.3120 -0.4195 0.2674
349.5667 3.4637 -0.2292 -0.1714 1.5051 0.6166 -0.8035 2.7987
-224.4469 3.6432 -1.1951 1.8284 -3.9390 1.9554 1.4883 3.0752
343.9314 -3.7285 1.7550 2.7505 -3.6370 -0.1641 -1.8918 0.9607
-102.4944 -1.7769 3.1366 2.6919 -3.1999 -3.6757 -3.5273 2.4810
390.5000 2.4259 1.5839 2.2472 2.3207 -2.4303 2.9338 1.3298
339.0944 2.1491 -1.1290 0.5605 3.9010 3.4943 0.4860 -1.4802
2.8684 2.4758 -0.1090 1.9646 -0.3867 -3.6673 -1.9790 -3.3727
322.7674 -3.2183 0.8203 -1.8512 -3.7161 0.7984 0.7723 1.7534
391.5412 -1.7052 3.3168 -0.5778 0.1041 -3.7310 0.6602 -1.3259
38.1325 -3.5906 2.0263 1.0077 -1.8654 0.5401 2.6396 -3.8410
179.3133 0.1245 -2.3090 3.5670 3.0204 2.7173 0.4904 2.9880
17.5318 3.1677 1.0029 3.2825 -1.3058 2.8173 3.9053 3.7640
-150.2617 -1.7432 1.9747 -2.8592 -1.4366 -0.0058 3.8483 3.3761
69.5778 -3.1685 -1.8852 -3.9301 2.9315 -0.9847 -2.0492 3.5402
80.2102 2.4231 -0.6214 0.7326 2.4797 0.4687 -3.5094 -1.7061
280.8190 3.3080 -1.2435 -3.7940 0.5678 -1.6299 -3.8874 -2.4319
340.1910 0.3357 -0.9912 0.7008 3.0817 -0.7786 1.9641 -1.4731
-34.3791 3.5850 -2.3275 -1.8593 -2.2645 -3.7762 -0.1191 3.4237
202.6617 2.0411 0.4456 2.3752 2.8968 0.1351 -2.0583 -1.7701
217.1495 -0.5220 3.8535 -0.4172 1.3776 2.9460 -3.1089 -0.9194
247.1307 -2.0964 -2.0762 -2.4948 -3.2717 0.3985 -1.9427 -0.0563
347.3971 1.0422 -0.7750 3.0800 2.8701 1.5694 0.1511 -3.4750
-101.6397 -2.1852 -2.8366 0.2132 -0.2826 2.7037 -2.8047 0.1639
-353.6435 1.8201 2.7220 -0.4481 3.3139 -1.5820 0.7707 2.5392
-290.0756 -3.4319 3.3792 -3.5390 -3.3624 -3.9417 0.2080 2.7059
248.5922 -1.9226 -2.1245 0.9711 -0.4962 2.3809 3.5590 2.5224
388.7470 1.5752 -1.5156 2.6014 2.1798 -2.3967 -2.3293 3.9565
-112.5870 0.8601 1.1379 2.7142 2.6007 -2.6528 1.6509 -0.2792
-382.6521 -2.4315 0.3036 -3.0503 -0.3181 -3.6356 -1.4222 0.1049
23.5133 0.3259 2.8073 0.1575 -1.1967 2.0619 0.2704 2.7698
241.2208 -2.0134 1.5486 -2.8598 -0.0449 -1.1947 -2.3347 -1.0278
-52.8652 0.8271 -1.6900 -3.3541 -1.0446 -0.4315 3.3345 -3.1255
308.2044 -2.9406 -1.3144 0.2356 -3.5095 3.1405 -1.1344 -2.6567
-86.3239 3.9697 -2.2220 1.2971 3.6474 0.2248 2.3780 -0.3409
-279.9020 -3.6686 -1.1232 -3.1612 2.8312 -1.2868 -1.8105 1.1763
349.3494 -2.6271 0.5611 1.6245 0.0447 0.2381 0.1644 -0.4926
303.0528 0.5710 -3.6989 -2.0640 3.3137 1.0463 -0.3625 0.3148
-85.9063 -3.3117 -1.4896 -3.8463 -2.9619 -1.1962 2.1971 1.3542
-323.0202 -0.7053 0.0954 1.6667 -1.9815 -1.3382 1.4001 -3.6185
368.3858 1.6820 -3.7699 -1.0638 3.9180 -3.9338 -3.2711 -3.7861
-235.0622 2.6055 1.4643 -1.3345 -0.7438 3.2038 0.2369 -1.6183
154.3281 2.3226 -0.9578 0.1551 -0.0085 2.9355 1.7537 3.0378
-101.9106 -1.1814 -1.8621 -2.7434 -0.3513 -2.5264 0.6341 2.1662
134.9050 2.2866 2.8031 2.1011 -1.4632 -2.9547 3.1469 3.9395
158.1506 -2.9248 3.5624 3.4514 -3.0058 1.0776 -1.0293 3.8219
-4.5998 -2.3829 2.0855 0.3682 -0.7647 -2.6126 -0.0368 2.8925
-116.4420 -2.7557 1.2715 2.3168 -0.4319 -0.0716 -1.8945 -1.6826
158.7006 -0.8712 0.2090 -1.9734 0.8096 -2.4175 1.3276 0.3324
319.2876 0.2950 1.1061 -0.1775 -1.1231 -2.0060 -0.6180 -3.0426
247.5785 -0.4455 -3.6399 -0.9046 -0.2481 -3.6671 -3.9462 -1.2803
311.9185 -2.0863 2.6387 -0.4043 2.6249 -2.4207 1.0622 -1.8493
-121.1396 1.7514 1.0578 0.7536 -0.3071 -0.1124 -1.3116 -1.5973
119.3479 3.2970 -3.9050 -3.6822 3.9821 3.1011 3.6761 3.6011
124.3821 1.2056 -1.7875 -1.0728 3.4650 -3.6218 -1.7428 -1.2631
-323.4086 -0.0921 3.0972 2.0459 -1.3164 1.4620 -1.0702 -0.6301
136.5301 1.7433 3.2837 -2.6546 -2.3304 0.7016 -1.8814 -2.8376
-105.8073 -0.4810 -2.3832 -0.2089 2.2390 -2.5557 -1.7543 -3.8842
86.4468 0.1143 -1.2602 -2.8614 -0.8177 -2.6733 1.1870 -0.7530
-170.0339 -0.9061 3.4303 1.6059 -3.9809 3.7676 -0.5991 3.5132
-144.7281 0.2907 -3.7680 2.7561 -1.1956 2.3443 2.6441 2.5370
73.8860 -3.6720 -3.6877 3.1514 -1.8191 0.8375 -2.4428 3.0689
-70.1946 0.9236 -2.9137 0.5117 -0.3647 3.6426 -2.7459 0.7189
83.2150 2.9277 2.2650 1.1196 3.7178 -3.0734 3.8670 -0.4831
238.2677 1.5804 -2.2213 -1.1979 -3.1043 2.9470 -3.3243 -1.2750
-234.7578 -2.1241 1.2915 -2.6833 3.8440 -2.1252 -2.5567 -0.2629
233.1341 3.8118 -3.1065 -0.7306 -2.8825 -3.7424 -3.7262 -3.3063
-167.8464 1.8093 1.5008 3.8898 -0.3302 -0.8783 -2.3928 -0.5945
-191.3013 0.3942 -0.0901 -3.0389 1.3860 0.2528 -3.5368 -3.0008
-154.6217 1.6608 -2.6577 3.1698 -3.3059 -2.7039 0.9624 -1.8796
0.0564 0.7449 -2.5188 3.6260 -2.0770 -0.1526 -3.7329 0.2070
-250.0538 -0.3840 3.3633 3.7208 -1.8006 2.1739 -1.8613 -0.5350
-158.7771 -3.3331 1.4693 1.9679 -0.2826 3.5933 -0.6264 -1.8614
89.7074 3.9852 -3.4978 3.3870 3.3833 2.6610 1.1583 -2.5348
-70.6965 -1.4535 -1.9125 -0.0326 0.3585 1.8869 -1.0376 0.3408
-132.7242 1.9792 3.8062 -1.7214 -2.1286 2.7014 -2.0125 1.0810
-41.1177 -1.2932 -1.1006 -0.8296 0.0127 3.1130 0.8131 0.5520
-160.6992 0.9080 2.7735 2.0551 2.3446 1.7950 2.8516 -1.8247
-112.1847 3.8976 -1.0711 1.0286 1.1531 -3.0230 2.5596 3.7124
144.0565 -0.5964 -3.5251 0.2510 0.4245 -2.0790 -3.9720 -0.2583
245.0204 -1.8260 -1.6439 0.9707 -3.5806 -1.2065 -0.6745 2.8046
-321.2498 0.9250 1.5042 2.9653 -0.5525 -0.0466 -2.7878 2.9469
248.5502 -0.5579 -3.2174 2.3356 3.1896 1.7543 3.3030 0.6056
95.6982 0.5986 3.7834 -1.4994 -1.4082 -0.3529 1.1001 -2.6648
44.3983 3.8667 -3.4149 1.7739 0.1558 -0.4858 0.1342 -0.7052
-132.3540 -2.7781 2.7631 2.9513 -0.9662 2.2662 -2.4774 -2.7515
384.5783 -0.8293 -1.2073 2.7393 2.8927 1.3035 1.4463 2.7368
246.9553 3.8612 -2.4250 3.0537 0.1063 0.8849 2.7493 0.0416
-116.8287 -2.4380 1.4964 3.6436 1.8487 -1.6310 3.0974 0.6735
-341.7772 2.8638 -0.6446 1.8507 3.6089 1.9919 1.4126 -1.8596
137.6027 0.7605 -3.3941 -3.2514 -3.4077 0.2548 -0.7283 0.8769
289.2050 3.8992 -1.5953 -2.0919 0.8810 -3.5326 -3.2546 0.7249
190.8209 -1.9317 -2.5227 3.3009 2.0981 0.0636 0.6739 2.0379
72.0961 -3.3255 -1.9226 3.3616 -1.4730 -1.2302 0.4929 -1.0403
-150.0620 -0.5395 3.2036 -0.1513 3.7345 0.2383 -1.9252 -1.7898
267.3016 3.3333 1.1055 -3.6616 1.5269 0.8834 1.4204 3.7770
14.6621 -1.7853 1.7055 2.1726 2.7659 -1.3525 -1.1878 1.5059
113.1080 -3.8048 -3.0845 1.1267 3.0813 -1.8552 -2.2475 -0.1659
257.7039 -1.6427 -0.8605 0.7406 1.3112 3.5688 -0.9964 2.3206
-119.4666 -3.7454 3.1801 -3.4703 1.7444 1.6171 -0.1633 -2.4046
-95.3754 -2.5926 0.5545 -0.1899 -3.4541 2.3220 0.2029 0.1983
-382.1500 1.7818 -3.0181 1.8335 -3.0934 -3.9903 -1.3492 -0.6379
154.8643 -0.3995 1.4554 -0.3819 3.0393 2.3368 0.5583 -1.1422
178.2442 -1.5214 -1.3814 3.5935 -2.5484 0.8811 -3.5882 1.0936
-160.8619 3.8387 -0.4564 -3.0985 -3.6030 -3.0016 1.2121 -1.6067
121.3591 0.9576 3.2599 -2.2482 3.7773 2.4472 -1.6987 1.2299
62.8553 1.1443 0.8389 -1.8757 -0.4946 2.1454 -2.0227 0.9755
-301.8192 3.7197 -0.8600 1.6823 -3.9794 -1.6363 3.9535 3.8233
67.9972 1.4276 -0.9448 1.3599 0.8791 -1.0138 0.9997 -1.3114
74.7975 -0.6733 -0.7691 3.0141 2.9838 -3.2249 0.7054 -0.3409
-21.5946 -2.4184 -0.2282 3.0938 -3.6575 -1.8742 3.0663 -3.5693
169.1536 3.7992 3.7932 2.8297 2.9124 -3.4784 -0.6357 0.2031
-344.2309 -2.1349 -3.2131 0.3721 -0.5813 1.9971 -1.1582 -3.9723
-337.9767 2.0128 -3.2809 -1.6583 0.6409 1.5809 2.6974 -1.1936
320.5307 -1.7319 -0.7542 -2.0984 -3.0045 3.7553 -1.8084 0.9635
164.6467 -1.0939 2.7277 2.8810 3.0364 2.8007 2.8258 2.3951
-221.1105 3.2292 1.5312 2.1251 -1.4614 -1.2980 -0.3122 -2.1187
-258.5622 -2.3302 -1.5732 0.6903 -2.8419 -0.3950 -3.3442 2.7130
-222.6059 -3.4448 0.0471 2.2259 3.1688 3.6340 0.5331 0.8954
212.7850 3.7911 1.6223 -1.7625 3.3107 -0.3419 -2.9853 1.9204
92.3011 -1.3891 -0.6386 0.4793 -2.2469 -0.1281 0.3739 1.7915
-182.3226 -3.9438 0.4996 -1.5001 3.1036 1.4552 3.0567 1.3529
287.0422 -2.1308 0.8698 2.3025 -1.1662 2.1926 3.1980 2.9475
-294.9587 -0.4014 -0.3677 -3.2846 3.6820 -0.0424 -0.9366 -2.6656
206.2265 -1.3735 -2.6664 3.5760 0.4859 -0.2990 3.7436 -0.8602
-48.9109 -0.6581 1.9065 -0.0365 1.9854 -1.2191 2.8730 -3.8837
-159.4332 -0.4957 -1.8500 -1.8525 -0.2682 3.0282 3.2275 -0.5623
207.1938 0.8936 -0.5424 0.3137 3.5106 0.5424 -2.1223 -3.4629
311.8256 -3.2287 -0.0198 1.1049 1.0127 -3.7508 0.8941 -2.8058
20.3690 -3.3898 2.4592 3.6701 2.6920 -2.9184 -2.0564 -1.6302
31.9957 -2.6491 -3.1826 3.4681 -0.9744 -0.0539 -2.8012 0.0638
-48.2290 -3.5918 0.1176 -3.3993 0.8694 -1.9265 3.0598 -2.6980
-218.8488 3.2579 3.0591 -0.7930 0.9051 -2.2280 3.3858 -3.0264
138.1926 0.5882 -2.8754 1.9641 -1.4311 1.7716 -2.5042 0.1145
243.1958 -1.7406 1.5499 2.3330 -1.8308 0.6330 -2.9099 -3.1854
-188.5070 -1.5397 1.4074 -2.2861 1.2888 2.8707 -2.3767 -3.3733
15.3240 -1.7535 -3.6130 -3.7040 2.9784 3.1321 -1.7608 -1.8093
-342.0587 -1.6479 -0.2915 -3.1427 -2.7049 1.0371 -1.5626 -1.9662
-50.2257 -0.0343 -2.3857 -0.4140 1.1687 2.1935 -0.9762 -2.5729
94.7144 -0.7987 1.1376 3.9911 0.6995 -1.7231 1.7635 -2.2632
394.0801 -1.8409 -0.8428 -2.4720 -3.3157 0.6906 1.1923 1.3439
300.3719 -1.2867 -3.9334 -1.6934 1.3235 1.2176 -0.8885 1.2781
280.2532 0.3683 -3.2619 -1.5448 -0.6078 -2.9239 3.5161 1.2367
-299.3222 -0.6836 1.9798 -2.3692 -2.7195 -3.5981 1.9781 1.0596
69.7924 -1.0887 1.3196 -3.9611 3.6036 3.2446 0.4343 0.0261
-0.9575 1.2408 -0.3413 2.9376 2.3562 -2.4231 2.4922 -0.7704
238.4767 -1.3214 3.9474 3.9945 3.6650 2.9557 1.6699 2.3792
-49.5188 -3.3367 -3.9427 -2.8430 0.3888 -0.7526 3.9795 -1.5205
-280.1030 3.7726 0.0254 3.0830 0.4481 0.7969 3.8829 3.5114
249.8765 -3.2136 -1.5512 -2.0267 -1.4199 1.8211 1.1590 0.7116
-39.4591 -0.5654 -2.5578 2.0674 1.2819 1.3783 1.2135 -3.7367
-110.5188 -0.2541 0.7529 -1.9685 0.5751 -2.0890 2.6519 3.6598
-257.5236 1.6012 -2.7715 1.0380 0.8090 3.8146 -3.4619 -1.4135
-44.5166 -2.7753 -1.1272 0.7106 0.2718 -3.1217 0.9300 -1.1370
-220.7582 1.1827 -0.2555 1.7281 2.9320 0.4487 -0.0811 0.3929
320.7040 -1.0736 1.8942 -1.9059 0.0436 3.4862 -1.8587 -0.6162
64.9322 -3.3270 1.3555 1.5389 -1.4796 1.2603 -3.7839 -3.5712
-194.2922 -3.2655 3.0313 -1.2545 -3.4194 -1.1564 0.0208 0.7536
41.2865 -1.7766 -3.4876 3.0412 -1.5614 -3.3605 0.8272 3.5301
89.9016 -0.9323 -2.3922 -1.6136 3.7928 1.2050 -0.6968 -1.1344
-232.8556 -0.6341 2.3894 1.4955 3.1406 2.7062 1.4690 -2.0914
193.2123 1.0934 3.9883 0.5872 -2.5213 0.0502 -1.8406 -0.0912
-124.7674 -3.7822 -2.5220 -2.9565 -2.5475 3.3721 -1.7527 2.7559
101.6645 0.6472 -1.5700 3.0096 -0.0818 2.5999 1.5025 -3.2654
349.0904 -0.3881 1.0308 -1.8162 -2.0536 3.1157 0.3027 3.5170
64.2837 -1.5921 1.8312 1.2758 2.7871 -2.0212 -2.0779 -2.6408
76.5173 3.1253 -3.7414 -2.4152 0.0785 2.5066 3.3725 0.7743
-398.1057 -2.4121 1.6467 -1.3278 2.4890 2.1725 3.4610 3.2979
-307.4315 1.1075 -1.8624 3.2168 -2.6083 -1.4464 -2.8120 3.3917
-390.9181 -2.6952 1.7277 1.9876 1.4015 -0.5360 -2.5447 2.7654
-112.3044 2.4492 -0.4842 -2.7737 0.7172 -1.5808 3.0912 3.1192
-278.4449 1.1970 2.1004 0.2103 1.4889 -2.6854 3.8286 -3.4609
167.0509 -3.2499 -0.1202 0.8885 1.1865 3.8126 2.3421 3.5160
259.1704 -0.0069 3.7202 2.0675 3.6403 2.7843 1.0923 -0.2835
-59.6813 0.5542 -2.1585 1.9226 3.5618 3.2253 2.0151 1.7297
-31.9924 3.2386 1.1986 3.1962 1.1337 -2.6284 -2.8287 -3.4117
-140.3090 1.8983 1.8159 2.5846 1.8458 -1.3275 -1.9344 3.4913
-309.0243 1.0205 2.8035 -1.3254 -1.0962 1.8734 3.0067 3.3534
-212.0804 1.1971 -1.9007 2.5557 2.4822 1.9778 0.7947 3.8028
-342.7540 -2.7379 2.6144 3.1759 1.9682 3.7348 0.6885 -0.6685
-358.9139 2.0474 0.6424 -0.8748 -0.5935 -3.7517 1.2091 3.2540
170.8557 0.0076 -0.5915 2.5392 2.0406 -2.8791 1.7318 -2.8017
-348.6753 -3.2861 3.6584 -2.9569 -2.2453 3.3263 3.0559 1.3870
-31.6528 -1.4748 0.2191 -2.8758 -1.1865 -2.1001 2.6920 -0.7084
-250.8458 1.9173 1.1249 -2.9366 -1.0267 2.5118 0.1455 -2.2788
128.3283 -3.6238 1.5321 -1.8534 -2.1734 -3.1189 2.2759 -0.0959
-393.4886 0.2342 -1.8996 0.9199 -3.9613 -1.6957 -2.3325 -3.9946
-143.2322 -2.1697 0.6368 -1.6200 -1.5661 -3.5788 0.5012 -2.5832
-136.5188 -2.9327 -2.3872 3.8580 -1.1276 -3.8094 1.0813 1.7994
100.7057 0.4648 -0.9149 -2.6190 3.1671 2.8910 -0.9043 -2.0330
122.7033 -1.7087 0.0178 -1.6464 1.5123 -0.3322 -0.7509 1.6331
-151.2252 -1.8420 1.0603 -1.6566 -2.0890 -0.5621 1.5724 -3.4710
-316.4340 0.8890 -1.9187 -1.2725 3.3620 -3.3644 0.3359 -0.9733
265.6303 1.5294 -2.2244 0.4425 0.5022 -2.6960 -0.8658 -0.1219
382.2512 0.5366 2.8575 0.5575 -3.8447 -0.3545 -1.6667 -1.5217
-94.4611 2.0752 -3.4097 -2.7846 1.3164 -0.8599 -2.4924 1.8960
122.6359 -0.1852 -2.2025 1.5694 2.3575 1.3419 -2.1745 -1.3330
84.1697 1.5838 -0.1067 -2.4787 -0.9241 3.7155 -3.1686 1.7063
311.6589 -0.9169 1.9888 0.2186 -3.6891 -1.1871 -0.3742 -3.6038
167.3068 -3.7208 -0.9188 -3.0385 1.8093 3.5005 -3.7395 -1.1023
-229.0901 2.4049 3.0014 -0.8559 3.3508 -0.6260 3.6711 2.6561
191.2986 -3.0717 -1.7131 1.3729 -0.6365 -1.1542 2.1803 -0.7428
32.7198 3.4047 -2.0601 0.0378 3.3502 -1.0429 3.7129 1.5707
-193.6711 3.9844 0.0650 -0.6612 -0.1438 3.0948 -1.8608 0.8385
-24.5072 2.1576 3.2501 2.9286 1.7222 2.2429 2.4483 2.5784
-219.0371 3.7002 -1.7903 -0.7137 1.7066 1.2317 0.0972 -2.1831
358.6747 -1.9482 -0.2844 3.3731 2.0897 0.8171 -0.7533 2.7093
-399.9940 0.0608 1.4948 1.3618 -0.9849 0.0134 -3.1807 -0.2000
-10.7201 -0.1954 1.4807 2.0812 3.6794 1.7567 2.1615 0.3944
-291.7857 3.3046 -2.6572 -2.8812 -3.7274 3.8720 -0.7364 0.7235
-179.8715 3.0678 0.5717 -1.6243 3.0080 0.3161 -2.3147 -0.2244
-27.0534 3.6874 2.1210 3.7594 -1.9156 -3.2035 2.9551 -2.7800
-254.2315 1.7327 -1.2433 3.8872 -1.7372 1.7477 0.6086 -0.5643
-141.8040 -0.8816 2.6420 3.3261 3.3310 2.2381 -3.9287 0.8254
49.5724 0.2566 -2.9018 -1.1727 0.3428 0.7423 1.0100 0.1291
215.0422 -2.9579 0.6926 3.0948 1.5453 -1.6155 3.7299 -0.2795
76.1403 -0.4004 -1.7344 -2.8641 2.1384 -3.5124 -3.4291 0.5459
207.9357 -1.2048 2.5253 2.3731 1.0663 -3.6483 2.1483 -2.6834
-138.1712 2.4916 3.7736 2.2672 2.1048 1.7798 0.9754 -0.6666
211.6244 -2.7710 -0.5734 -1.4400 -0.9427 -0.4383 -1.7924 1.7048
-282.4408 -3.7798 1.6380 -0.0262 2.9668 -2.1743 0.6668 2.3698
-246.5863 0.3044 -3.9432 -0.2472 -3.0648 3.0504 -0.0252 2.9796
255.8621 2.3593 -3.6653 -1.0640 -0.9756 2.2943 1.1525 2.6500
-322.0599 -2.3695 -2.3321 -2.4074 -1.6770 -0.9183 -3.0803 2.7481
134.6219 0.2808 3.3493 -1.6548 2.3661 -3.8341 -0.8564 -1.0896
20.5420 0.1396 -2.9114 -1.8942 -0.7391 0.5826 3.0845 -2.6380
-27.2133 0.2762 -1.0600 0.8205 1.8209 -0.8533 -0.9951 0.6554
0.7903 -2.9968 -3.5157 -0.9096 -3.3365 -2.0534 3.8575 -0.8132
344.2395 -1.0467 3.9425 1.8089 2.4870 3.9724 0.3349 -2.4409
-242.4518 -2.3410 0.4293 1.7098 0.6699 2.3329 0.1966 3.3381
234.1536 -1.2875 -1.6157 -0.9259 3.7751 0.5545 3.1828 -2.2270
-290.1887 -0.9801 -0.7241 -0.7783 1.2391 -0.0803 -1.7059 1.6614
-217.9865 1.8855 -2.6487 0.6799 0.6144 -3.6222 1.4416 -1.2348
-305.6185 -2.0893 2.0148 0.2325 -1.0084 -1.8839 0.2774 1.8719
-203.9264 1.3717 0.7509 2.9616 2.1523 -1.4541 -1.7774 2.8330
-335.3626 -3.3567 -3.1162 1.9242 -0.9682 -3.2749 2.1145 3.4332
-272.6200 -1.8935 -1.7118 3.4476 3.8843 3.8641 0.5288 0.2304
321.3522 -2.4467 -0.0630 -3.4658 0.4613 2.8067 2.7112 2.9026
229.4798 1.8435 -2.6087 -0.9517 3.3879 -1.7134 1.7654 -3.2117
-63.8627 1.3243 -3.4501 -1.1768 3.4743 -1.5611 -1.0617 -1.8360
-314.6866 -1.0307 3.1755 -2.9948 3.7640 0.3811 -3.1913 -1.5006
-136.4274 3.0907 -1.0263 1.2946 -0.7784 -0.0743 -2.1934 -0.5343
-124.2066 -3.6475 -3.7311 3.4732 3.6101 1.5810 -1.9957 0.6579
63.9117 1.9128 1.8506 -2.2728 2.8604 -2.4320 -2.9881 1.2290
-70.6364 1.0824 -1.6043 -0.5748 1.3484 -1.5889 -0.4599 0.9397
-344.4170 -0.4684 0.1791 -0.0224 -2.0821 2.0684 2.9683 2.1547
108.8066 1.2330 -0.1678 0.7187 2.4817 0.0078 3.4415 3.1018
186.4465 -0.4087 -0.9907 -3.1085 -0.3168 -0.1774 0.2431 -3.0500
-361.4438 -3.9178 2.5822 -1.9164 -2.6011 2.1015 0.5682 2.9006
-273.9148 0.0114 0.1261 -2.1033 -0.3216 -2.4326 -0.3636 1.9643
381.9091 -2.9562 -3.2622 2.9091 -3.7526 -0.4526 1.0711 3.3475
-274.3229 -3.4287 3.2505 -0.9968 -3.6219 -3.8137 3.6549 -2.9485
-218.0474 -3.2472 2.4117 -0.1675 1.6910 1.3899 -0.5181 -1.2346
23.2543 2.6482 -0.0008 2.0270 -2.4763 -0.5443 -2.2769 -0.0286
76.2981 -3.3250 2.6477 3.5561 -1.5300 1.5820 3.4174 -0.9046
-140.2346 3.8885 1.6539 2.4496 -2.1601 2.9861 3.4139 -3.3293
41.2222 2.1803 2.7457 -2.7473 3.5336 -1.4947 -0.4012 -2.6926
338.0027 3.0382 -3.6185 0.6489 3.1879 0.8661 -1.5964 1.9723
-87.3532 -2.4012 -0.0292 3.7957 -0.7653 0.9850 0.5686 0.2992
-67.3344 -1.2860 1.4519 2.9649 -3.2041 3.3570 3.9532 1.4474
-161.0741 3.5716 -1.8226 -0.5694 3.8421 -3.5619 -1.5231 0.2146
-288.5775 0.2499 1.4835 3.1362 3.7078 -2.5838 1.1667 -1.8141
397.5823 -1.1149 -0.7539 3.7433 2.4013 1.8481 1.3544 2.3878
-332.1629 2.8641 1.5185 -2.2866 -2.1257 -1.8875 0.0933 2.0494
218.4118 -0.7349 -3.1025 -2.4216 -3.3369 0.1638 -3.1882 2.3074
-89.4553 3.0726 2.7058 1.4427 -3.1388 1.4590 -0.8749 0.4329
-217.8436 2.4534 -3.8290 2.7678 -0.1957 2.9408 -2.9835 -1.3415
240.5913 -2.9976 -3.7732 2.6171 2.7322 -1.5270 3.0976 -1.3622
217.6518 3.5038 -3.4009 -1.3505 0.1317 -1.4446 -2.2397 3.0734
340.0224 -3.0247 -1.1084 -1.8495 -0.1981 -1.5551 -2.6549 2.5245
28.7430 -1.3576 -2.7294 1.6591 1.2524 2.9526 -3.9613 0.0257
320.7512 -1.2506 0.0809 3.7317 -1.0747 -0.4110 -3.9282 -1.7588
3.6185 3.3545 -1.7275 -3.7218 -3.7893 3.2761 3.7806 0.7778
190.8542 2.9763 1.3098 -2.8284 -0.2985 2.7879 1.9255 2.7217
-122.0513 3.2718 3.9325 -2.1526 -2.5276 -0.7429 -3.7846 -3.6404
-104.9681 -2.0915 2.2321 -3.9559 -1.6865 -3.4612 -0.9248 1.7424
311.8944 -1.4200 -2.6808 0.0528 -1.8674 -3.5539 -3.2476 -3.6946
211.8874 -1.7764 -0.4350 3.4868 1.4323 -2.4394 0.5867 2.9390
-229.0319 1.9035 -3.6538 1.2300 -0.5936 -2.6395 -1.2193 -0.1346
-299.4986 1.5441 -1.4428 1.5114 -3.8252 2.8934 -0.8870 0.5777
385.9583 -1.4360 -2.6381 -2.9056 2.1477 1.4950 2.7642 -3.5595
-80.8066 -2.0863 -2.2634 -0.7662 -2.4368 1.8709 3.9672 -3.5917
-172.5731 0.5898 -0.1337 2.6745 -2.9043 0.1306 -2.5186 2.1118
-374.9503 1.8030 -0.6065 -0.4388 1.2707 0.5851 0.8501 -0.7311
13.1026 -0.7371 0.7408 0.1530 0.9843 -0.3238 2.1886 0.1713
-278.6592 -2.6168 -3.4309 -3.6413 3.8999 3.9538 -1.2045 3.3165
-343.4296 2.1717 2.9189 0.1106 1.9036 0.1013 2.2580 2.2001
-306.2501 3.0349 0.6300 -3.8982 0.7197 -2.2846 0.7403 -2.8096
-50.9946 -0.9706 2.4501 3.1235 1.4161 -1.4291 -1.2936 3.0992
-16.3195 2.8178 -1.3510 -0.3213 -1.9574 -2.6433 -2.1905 2.5490
73.9230 -2.1103 1.9676 -0.6576 -3.4491 -2.9999 0.1826 -0.7082
29.9651 -1.5259 -1.4345 3.5178 0.4725 -2.0462 1.6861 3.1768
-60.4799 -1.6898 -3.0933 -0.1619 -0.0887 3.8596 -0.4321 -1.2948
76.8997 -3.6905 -3.0284 -2.7896 -3.5625 -3.1195 3.9242 3.0980
316.1367 0.7308 0.0371 3.7110 -3.5876 -0.1006 -0.2635 -3.9854
114.2466 3.4859 1.2801 1.3676 2.8828 2.6769 3.1501 2.2074
218.3769 -0.7393 -3.5357 -0.1385 -3.0303 -2.8410 0.0291 -3.1743
9.5639 2.2080 -3.2338 0.2305 -0.1116 1.1701 -2.6690 -3.5455
-15.6971 -2.2140 1.1511 1.6006 -1.4591 0.0564 1.2641 -0.5135
12.4947 -3.2827 -2.7627 0.4672 2.2517 2.1402 3.4649 -1.4601
365.0721 -1.7987 -1.0883 1.9452 3.1072 0.4471 1.4112 2.7141
387.9679 -3.5824 -0.1767 2.0081 -3.4895 -3.6554 1.1248 3.4884
-339.0451 3.6531 2.9330 -3.9136 -2.9497 -2.3745 2.2154 0.6462
-231.5414 -3.0661 -2.9334 -2.6393 -2.3726 -3.5248 1.7322 3.7480
-297.1725 2.7189 1.8994 2.6903 -3.1359 -0.5616 0.8889 3.6881
-117.0214 3.2338 -2.1756 0.7221 -1.6377 2.3306 -3.4410 1.0743
-95.5964 3.1763 -0.0062 3.1000 2.3684 3.2509 2.4841 3.8800
398.4769 -1.4723 3.4481 -2.7608 -0.9608 3.4365 -3.6442 -1.7508
161.6081 1.5253 2.2333 3.7080 -2.2192 -2.2065 3.0480 1.5328
-136.1519 -0.9449 -1.8887 3.6756 -3.7016 -3.3335 -3.8748 -2.7660
-282.1047 -2.8671 1.7696 -3.0287 -3.0082 3.3604 1.7497 2.0497
396.5235 3.6626 3.4257 2.5250 3.0700 -2.7167 -3.7444 -1.5743
-322.4486 -1.1005 -2.6081 -1.4108 -3.2223 -1.3114 1.4757 1.8447
-323.3997 1.2455 3.2674 2.9983 2.5263 3.2699 -2.6870 -2.8224
-105.7190 3.5334 -1.6347 -2.6715 -1.5315 1.5028 1.7534 -3.1498
-24.0200 2.1489 2.5071 -3.8097 -3.4991 1.9401 3.8559 -0.7455
-174.5185 1.4503 2.8293 3.9788 -3.1178 -3.4453 0.2911 -1.0098
62.2328 2.3266 -2.3047 -1.5159 3.8043 0.2475 3.0894 -2.6997
200.0756 -0.4253 3.5115 3.0735 -0.6338 1.3602 0.8335 -1.3240
-110.8743 -3.7180 2.6250 -1.5400 2.8084 0.9922 1.7897 2.3435
-167.2323 -3.5684 2.7269 0.8719 3.8896 3.8771 2.5266 -2.1540
107.8451 -0.7358 3.1687 2.1678 2.6969 0.4770 -2.6427 1.1766
29.3215 3.1208 3.6608 2.4503 3.3553 -1.5879 -1.9779 3.5852
-265.3621 2.3566 1.6161 -3.7937 -2.4109 -1.6958 1.4795 -0.8310
113.4265 2.1108 2.1176 1.6554 1.6706 -0.0794 0.2955 -2.1548
60.1345 1.7389 2.7082 3.7667 2.3390 1.9427 -0.9553 0.3336
-11.6760 3.6547 -2.5392 -1.3804 1.3960 -1.2894 -0.4774 -3.6824
-283.7428 3.1294 -2.3240 -1.7985 -1.6665 1.7220 -2.6832 -1.4127
-71.1778 -0.3672 -2.9367 -0.1464 -0.4105 -0.0346 1.7563 1.9638
-268.3712 2.2802 1.1181 1.9651 -0.9550 -0.0358 1.9036 1.7271
23.4241 -0.1146 -3.6752 -2.2493 -0.1689 1.6314 -3.6107 -1.8882
368.7102 -0.2174 -0.1256 -3.2185 -3.8613 -3.4780 -3.1687 0.6738
-6.5886 3.8689 3.6324 -1.9503 0.0139 1.4642 -1.1312 0.7852
45.9718 2.6133 -2.1311 -3.4584 -3.4014 1.9309 3.3620 0.3411
14.2577 2.4633 3.6883 -1.5803 -0.5717 -3.8139 -2.3147 2.5596
67.5250 2.3397 1.7368 3.5338 3.9856 -0.3265 -2.7840 0.4788
-131.9770 -3.1123 -2.1394 0.5855 -1.1247 -1.4958 1.9049 -3.6184
-68.6109 -1.4589 -1.9852 1.3807 -0.8866 -2.3132 -0.9507 2.8730
-234.2813 0.4821 1.1266 2.3561 -2.5522 3.9854 3.7079 -0.6063
40.0448 1.0276 -2.1146 2.8543 -0.3156 -1.7828 -0.0136 -3.1601
-393.0846 -0.4713 -2.7013 -1.2310 -0.0403 -2.3456 1.8455 0.7302
-349.4536 2.7639 -1.6936 -0.6931 0.7381 -1.2058 1.0409 -3.7460
311.3421 -2.8800 3.4119 1.3553 -0.7909 3.8352 3.4638 -2.0341
-95.4921 3.0219 -2.0671 0.0667 -0.9710 -0.7041 0.3311 0.2065
-364.2159 3.1665 3.6451 -3.1874 -3.6929 -2.2065 1.3759 -1.4667
-69.7899 2.1810 -3.9162 -1.0797 3.1957 0.7579 3.3358 -1.8593
-115.0026 3.8123 -0.5677 -3.3770 1.8862 2.4710 1.9436 -0.6855
363.1445 -0.4632 3.4951 0.5099 3.8368 3.4360 3.2751 1.4729
-3.9254 1.5714 -1.1397 2.6125 -2.2946 2.5840 -1.1050 1.4746
-49.9955 3.4119 3.0938 -0.3127 -1.2201 3.3205 0.3990 -3.4098
-296.4442 3.9636 -1.5197 -3.3875 -1.1514 1.0190 0.4134 3.0296
272.3199 -2.8233 -1.0737 1.9236 -0.0395 -3.9232 -3.7031 -0.9056
222.0843 -2.0245 0.8733 -0.2503 -0.3188 2.0270 1.5735 0.9589
-34.4927 -0.4271 -0.8011 1.1251 -2.0399 -2.4504 -3.0723 -2.0462
-145.0256 -2.3159 -1.5534 2.8641 -3.1685 -3.8678 2.5165 2.1088
-172.8057 -0.2350 -1.5440 3.1398 -0.3756 -3.5127 -0.4264 -1.9396
266.9384 0.1954 -3.3661 0.0014 -1.8132 -2.3496 -3.3842 -2.2708
-143.1992 -0.1456 0.7357 0.7097 0.5206 1.5549 -0.7160 -1.2593
209.1120 0.2644 0.1064 -1.4877 -0.8961 1.5789 0.6162 -3.2927
-328.5103 2.2219 -1.8025 1.7184 3.4223 2.1216 3.6253 -3.4284
-73.4155 -2.3181 -1.5502 2.3094 0.1263 -0.9254 -1.5219 -3.6193
-345.7189 1.9463 0.7351 -0.3581 3.3933 1.9656 1.9985 0.5587
-145.6606 0.4306 -3.6682 -3.4280 1.7804 -2.0481 2.5926 -1.7472
121.5440 -0.2979 0.0013 -3.2744 2.1216 2.8824 0.8115 -0.9582
-19.3494 3.7882 0.8587 3.5317 1.8445 2.1235 2.3439 -2.6363
17.5660 3.7968 1.7211 2.5408 -2.0468 -0.2104 2.6037 -0.4586
-80.8191 2.0772 -3.8856 2.5463 0.0249 -2.8279 2.8864 1.0805
-183.3289 0.0593 -2.5868 -3.0894 1.9631 -2.1426 -0.0968 0.8455
-195.5789 -2.2662 -3.2603 2.9528 -2.7895 1.6937 0.6212 0.9090
-167.6395 -2.9466 0.7159 -3.3834 2.8898 1.3203 3.6120 3.6473
137.9617 3.7224 3.1702 -1.9082 1.5742 1.8724 3.7248 2.9178
-84.2856 3.5401 3.1312 -0.6675 -3.6630 0.0571 -0.7043 2.0585
-248.5218 1.9608 -1.2947 -3.8237 0.6646 -1.0774 2.2474 0.3151
-52.2792 -0.0819 0.4756 -0.7052 -1.9067 -2.9495 -1.3253 2.2859
-54.8180 -1.2266 -2.7946 -0.5481 0.7567 -3.8912 -2.8506 1.1842
-2.2884 -2.1964 -2.2748 -0.7618 2.8407 -3.7737 -3.0907 -2.9253
218.1312 -3.8239 -2.2260 -3.0120 0.1116 2.5920 3.3090 -1.8219
-151.1015 3.1702 0.1747 2.1881 -2.2512 2.9365 0.8364 -1.9170
-189.9435 -3.4886 0.2084 2.3447 -1.3712 3.0526 -1.4466 -1.8863
332.3367 0.6741 2.5582 -3.7254 3.9828 3.5584 -3.8732 2.4685
-273.8273 -3.4594 -0.7557 -1.9310 -2.0581 -2.4548 1.3714 -0.8501
342.3671 2.7296 3.2492 -0.9667 0.3493 2.7792 -1.1306 -0.0108
-189.6460 2.9659 0.2952 0.3919 0.2272 -0.0625 -0.1438 3.1830
135.3643 -3.5886 -0.3793 2.1879 -1.8110 -0.8618 0.6728 -1.2243
113.3603 3.2874 -2.9120 3.3212 -2.0367 2.2529 3.2552 -1.5459
-258.2583 1.2149 -1.3469 -0.9207 0.8251 -0.5806 2.0504 2.9294
163.8343 -0.2059 3.2482 -2.7106 0.5069 -1.7863 3.3309 -2.1885
337.4983 -0.8912 3.7762 -0.3852 1.5505 -0.1797 1.8381 3.0948
102.5944 -1.5687 -3.2681 -0.3851 1.6655 3.2206 2.0851 0.9674
-361.7675 2.8607 -3.2447 3.6709 2.2169 2.6673 -1.4307 -2.4294
-276.9728 -2.6652 -0.5481 2.1107 -3.2873 2.3005 0.8330 2.6786
-91.0526 1.5026 -0.7308 -1.4909 0.6277 3.2417 -1.8729 -2.9962
-114.3581 -1.0298 -2.9918 1.2779 -1.5588 3.0980 0.8860 -0.9552
-288.1424 -1.6358 -2.5110 -2.3372 -0.2875 -1.6478 1.2380 3.0960
148.2442 1.8893 2.9250 1.7475 -0.8453 2.0341 0.0545 -1.7435
-364.2238 0.7285 3.5522 -3.2574 -0.8189 3.6785 0.8600 -2.4863
68.3840 3.8815 3.5247 -3.2752 3.4701 2.7732 -1.7460 -3.9683
186.2854 -1.3111 3.1870 -3.5006 -1.3738 3.7226 -1.8606 0.3584
-156.0061 -1.7213 1.8430 0.5129 2.3166 -3.3849 -3.5196 -3.7219
173.7449 -0.0675 -2.5804 -0.6802 -1.0573 0.6013 1.9847 -3.4761
328.8389 3.9522 2.8920 -3.1600 2.5277 -1.5076 0.6947 1.3934
-97.6084 -3.3002 -0.2827 3.1746 -1.8593 3.2125 1.1108 3.1922
103.9184 -3.3347 -1.9294 0.8662 0.5705 1.6559 -3.4528 -3.3314
91.1300 1.0852 1.4440 2.0364 1.3365 -1.6028 3.5479 1.7463
-201.9028 0.4243 0.0155 3.1626 -2.9905 3.6030 1.7196 -2.4087
-379.3490 2.0924 -3.3591 -0.3003 -0.1817 2.0498 1.4686 -1.7572
-249.7897 2.6347 -1.8066 -3.6712 0.8606 -3.9889 -2.9697 0.8767
-323.0327 1.2138 -0.2929 -3.8783 2.5763 2.9464 -0.7240 3.5384
351.5511 -1.0919 1.2953 2.1473 0.8466 3.7239 1.3507 -2.3256
229.6038 0.7981 -2.7501 2.8828 -2.1270 -2.8312 2.9101 0.5938
-82.6408 -0.5707 -2.3607 -0.0823 2.3786 3.8328 3.0494 3.0131
209.9601 -2.1227 1.6173 3.6987 1.7025 -3.3162 -1.0683 1.3269
-365.4689 3.2227 -0.2216 0.8896 2.0967 -0.1714 2.2697 2.9008
-46.1825 -3.3597 -2.0592 -3.5945 1.1375 -1.9217 -1.4660 -0.7335
-399.5306 3.7265 -0.7078 -2.5026 -2.0067 2.8043 0.3112 1.0249
134.3108 1.1745 1.3223 0.8848 -3.9652 2.4467 -1.4028 -1.1790
-336.4628 -3.2028 1.9564 1.0130 -0.6851 -3.5817 1.8973 1.1318
321.0292 -3.4060 2.3515 -0.7607 -0.1656 -1.5238 1.7870 -0.7243
84.9002 -2.5927 -2.0657 1.9488 -2.7486 -1.8812 2.6269 1.0847
43.4131 -1.1869 -2.8532 -2.7205 3.4189 -1.2210 -1.1680 -2.3207
-288.3160 1.4307 0.4602 -0.4664 -2.2233 -2.8455 -3.9943 1.7397
-206.6970 -2.4995 -3.0737 3.5616 -3.3423 -0.1223 1.6466 -2.1893
-82.0100 -0.7547 -1.0691 -0.6570 3.8677 -2.1917 -3.4665 -2.6351
-102.1029 3.9311 3.5072 2.0676 0.0338 -1.3817 -2.9448 1.2422
-178.0768 -3.2610 -3.7807 3.0266 1.9013 -2.6608 0.0171 2.2216
-267.3192 -1.5825 0.9415 -2.5272 0.7713 -1.5020 2.2541 3.3669
-6.3032 -3.1862 2.4976 1.4792 2.4287 0.7505 1.8611 1.5050
169.0492 2.3894 2.9596 -2.4308 -0.8081 -1.1650 0.3531 0.5300
61.7907 2.0891 0.4351 0.1667 -2.6172 2.8101 -3.9105 0.1264
42.1765 -2.1457 1.6514 -1.8772 -1.8906 3.5980 1.7041 0.1679
248.8842 2.4530 -0.5057 1.3636 -2.6024 -1.3310 1.0276 1.9435
-326.0246 -3.3963 0.4496 3.7195 0.1144 -3.7484 0.6661 -0.4913
-189.0688 0.8552 -0.8029 -2.8845 0.6693 1.4069 2.7154 0.7033
163.8891 -0.1832 -2.3493 2.8091 0.4738 -1.3245 -0.3547 -0.4732
227.9377 0.6280 -1.1787 0.1568 1.3303 3.7146 0.7502 0.7527
250.3366 -0.2185 3.3676 -2.7253 0.6235 -1.1084 -3.1795 -2.0670
-382.2077 3.1050 1.2943 0.2331 -1.5143 -3.4636 3.4234 -2.8139
-197.0506 0.8268 2.3536 1.6845 3.4049 -0.3537 3.7474 -0.6366
-228.6449 1.8965 -2.3465 3.8431 -3.5075 -1.7205 -3.8295 0.2954
109.9125 -3.1064 2.3370 1.3348 3.5947 2.5815 2.9357 2.0587
-157.2571 3.1141 -0.3914 3.0154 -2.4816 -2.0181 -0.0804 -1.4797
132.7932 1.8324 3.1824 2.3564 1.5851 2.8115 1.4831 -3.9308
169.0844 3.4573 3.3779 -0.9821 -2.2925 -1.2955 2.2943 -1.6888
-277.6667 -2.1766 0.7976 -3.6382 -3.1046 -1.4941 1.8320 -2.9931
185.2862 -1.2508 -3.0975 -3.5418 0.5722 3.1937 -3.6518 -2.7114
98.0130 0.1304 -0.1034 -0.1002 1.7882 -2.4070 -2.3607 -3.6343
-86.5497 2.8514 -0.8337 1.8192 -2.3689 -1.2687 -3.9288 -2.7907
326.3002 3.6590 -2.6902 -3.2330 -1.7784 1.6980 -1.6744 -1.8236
136.0081 2.6090 0.1377 -2.2147 -3.5090 -0.2220 -1.7401 0.1632
-259.8066 0.9171 -1.5726 -2.2640 2.2139 -0.8619 0.2398 -3.2509
-170.7837 -2.1920 -2.3325 -3.7241 1.5972 -2.7809 1.4577 -0.7720
258.4195 0.4343 1.8781 1.8703 1.8288 3.4214 0.7249 -0.5083
89.2742 2.7035 -0.3475 2.5578 3.7892 -3.5393 1.5827 2.3864
6.2500 -3.0718 2.7082 -2.8383 2.7280 -0.0196 2.6748 1.1686
86.9468 2.4226 3.5816 3.4007 -0.4644 -3.8922 0.1661 2.9816
-282.6812 -3.1202 -3.9441 -0.2107 -3.3635 -2.7965 0.7729 -0.1808
-204.3220 2.3123 -1.2613 3.3087 2.5872 -2.9572 -1.5391 2.5141
85.3963 -3.6200 -2.8895 -3.5019 3.6981 -0.6362 1.6109 -1.5981
-373.1734 -1.9972 0.3674 1.5519 2.5468 -0.6671 1.9269 -1.7850
-198.9163 -1.0411 3.2195 2.4470 2.0193 -1.1911 0.9600 2.7126
227.6474 1.8655 -3.7656 -3.0610 3.7534 0.2892 0.6743 2.4154
341.9490 -3.6516 -3.5648 0.7406 0.0387 0.1236 -3.6770 0.4537
152.6691 -3.7199 1.8044 -0.3647 2.0858 -1.1787 1.8148 2.7466
326.5438 -1.2001 -3.5288 1.0044 3.9979 -2.9904 -1.0406 -1.8863
-130.1281 0.1325 -2.4070 -1.6109 2.8635 -0.7519 -2.4771 0.9298
-393.6616 -3.0095 2.2701 -2.1288 -1.2269 -0.8923 1.3293 0.3043
179.5053 0.3978 -1.9354 -2.4624 -3.8110 -3.7302 3.8860 0.2725
-19.4304 -2.4933 1.1391 -3.9711 3.7949 3.8056 3.7915 3.9555
191.9195 2.9587 2.3945 0.4530 1.8068 -0.5957 -2.9622 -3.4830
179.7553 -2.0858 0.0134 1.0536 3.2207 -2.2955 -1.5708 3.7432
-233.5437 -3.0137 2.0412 -2.5782 -3.1411 3.0920 -3.5085 1.0217
213.3350 3.6854 3.9916 -3.8115 -2.9592 3.8439 3.0937 -3.9411
44.0457 -2.9620 3.9118 -3.5183 -0.2096 -1.4580 -0.9688 3.1574
72.9161 1.7799 3.7336 2.9337 3.3090 3.3903 -0.9239 0.2602
-5.7924 -0.5550 2.0928 -0.2263 -0.1771 -1.3853 -3.8140 3.7762
107.8204 -3.0841 0.0736 -2.2400 -2.9884 3.0458 3.3881 3.5095
31.1705 3.9034 3.0512 3.1272 2.9786 -0.0807 -2.0031 3.2988
235.1488 -3.1841 1.3767 2.2561 1.3823 1.2354 -0.5068 -1.7985
-288.9588 3.6279 2.3724 2.4471 -1.1661 3.5063 1.6218 -3.8544
-21.0931 3.9720 2.4228 3.5461 1.9593 3.5738 -1.1409 -3.4839
331.9605 2.1195 3.9595 -2.4423 2.3395 -0.8053 -0.8330 1.8184
-397.7163 2.1167 0.1146 3.4288 -2.2410 -0.3330 -1.9495 3.0467
49.6856 2.3142 1.1923 2.4382 -3.8223 -2.1569 2.9504 0.2092
-372.7155 -0.5258 2.6314 3.2096 1.8448 -1.1707 2.4433 -0.4881
-94.4235 3.7190 3.6925 2.6752 -1.5788 -2.0254 -3.3603 1.7279
74.9103 3.1551 -0.9387 -1.8087 0.5605 2.3450 -3.0650 1.4004
233.4338 -2.6772 2.3600 -2.4738 3.5405 0.5824 3.8571 2.6126
-304.3911 -2.0719 -2.7704 -1.5490 1.2455 -1.7797 1.1182 3.6917
228.4275 -2.3768 3.8313 2.7491 -2.3731 2.2013 -3.6625 3.8868
-334.8357 1.5023 -1.7845 -1.8406 -1.4475 -3.8567 2.6449 3.6690
-131.8794 3.3041 -3.7937 2.3796 -2.2928 -3.0255 2.8692 1.3367
259.0374 -3.9930 -3.0368 -0.8806 2.6719 -0.6936 1.9095 -3.0364
-82.1231 -1.7621 -0.2741 0.4208 -1.1328 1.3631 2.7648 3.3649
-34.9879 0.7265 2.4614 0.0788 -2.3330 -1.1103 -2.6262 -1.2788
73.1846 -0.5563 -2.5228 1.2959 -1.5825 0.2774 -2.9195 -1.9897
383.9443 -1.4299 -2.2770 -2.7111 -3.6765 3.6046 2.6549 -1.8701
320.3308 1.6055 -2.3620 1.6035 3.7611 -3.8216 3.0502 2.4512
-163.7047 0.5470 -1.5666 1.1591 3.4721 -1.5841 0.9052 0.2488
-99.5268 -0.0938 -0.7563 0.4354 3.5333 1.0115 2.6090 2.7707
183.8922 -3.4863 1.7833 -2.9562 1.6119 0.6114 3.2318 1.6696
-17.1680 -3.6151 3.6116 1.0875 3.6133 1.9389 3.4822 -3.8180
257.1797 2.0262 3.2629 0.7882 2.2729 0.2284 3.2060 2.4054
213.2804 -0.5677 0.6046 3.9444 0.7664 2.4298 2.3933 -2.2170
-309.7442 -1.1063 3.8797 -2.2303 1.3763 -0.1058 -2.7470 2.8508
-219.7943 2.2385 3.9248 1.7258 -1.8425 1.1187 1.5834 -0.6633
67.4548 1.4710 2.9142 -3.3991 -1.0689 -3.7527 -3.8700 2.4570
-258.3953 -3.9004 3.9602 -0.0094 2.9758 -2.8145 0.5979 3.1981
-96.1517 -1.0835 -1.0979 0.3909 -2.9400 3.4628 -2.7573 0.9912
-378.7154 3.6756 0.4351 2.4439 -1.0071 1.5493 -0.7530 -0.3758
-317.3748 3.2079 -3.6573 -1.1906 0.3187 2.1522 1.8785 -3.5978
-246.5059 3.1139 -3.8009 0.6724 -0.4481 -1.7247 -1.4159 -1.6217
359.2688 2.5873 -1.7310 3.8867 -3.9228 -0.8105 1.7426 -1.1153
-343.2051 0.1850 -3.0478 1.0051 -1.9902 -3.8844 3.6464 2.6415
-183.3251 1.1727 1.2086 -1.2723 2.5498 2.6086 -0.1301 -3.0346
338.9223 -1.9012 -2.0922 -3.2837 -0.8400 3.8100 3.8401 -3.3977
-27.5958 3.6626 -3.5694 1.2755 -0.5598 -1.1194 3.2414 -3.2859
-364.8043 -0.8612 3.1860 -0.4833 -3.6690 0.1958 -2.7546 -1.6945
55.0040 -2.4976 1.1881 -1.7517 3.4232 -3.3729 -0.4533 -2.3989
-152.5783 3.2349 1.7687 -2.2443 0.1208 -0.0735 -3.1543 0.3767
19.4394 -3.3032 3.9471 1.2893 -3.5727 -3.4636 2.5862 2.0122
182.4198 -3.2833 -1.3398 -1.5525 -1.3145 -1.5988 -3.0815 2.1821
218.5539 1.8125 2.7379 3.1222 3.5554 2.4986 0.7000 -0.8502
129.7807 -0.6279 3.7596 -2.4875 -2.0838 3.7617 1.3088 -1.3401
59.7626 0.3777 -0.5566 -0.2417 3.1943 1.6687 3.9284 -3.6108
-37.5557 0.3896 -1.7786 3.3079 -3.5464 3.6229 3.3168 -0.4726
-183.5203 0.8765 3.3124 -1.2069 -0.4588 3.4861 1.2634 2.2662
3.9048 0.2279 -2.5839 -1.4548 2.4875 -3.1789 -1.0393 3.8989
26.6072 2.4173 1.3665 0.6066 0.9463 0.3532 -3.6112 -0.6378
-186.1572 2.3023 1.8528 1.0659 2.4126 -0.6756 3.1386 -0.7952
-334.0792 1.7056 -2.8165 -1.6031 -2.9522 -2.4305 -2.8395 -1.1934
-156.2975 -0.1095 -1.5230 3.3162 0.6391 0.2170 -2.0738 1.9324
178.1604 -2.6869 1.3263 2.9668 -2.2752 3.1646 2.0066 2.9577
12.0931 1.9348 1.4693 1.8043 0.0144 2.8751 0.7197 2.3246
-142.3407 1.0756 3.2779 0.6862 -3.2522 -2.2700 2.6198 2.8742
38.5353 -3.6234 -2.7747 3.9164 0.1458 3.2343 -3.7165 0.5735
153.9548 -2.7631 -0.2194 -0.0294 -3.8434 -1.8713 -0.9982 2.8155
255.5327 1.0668 2.8990 -2.0552 0.6480 -2.2728 0.9724 -0.4704
384.1162 -2.1916 3.3646 -0.3804 -2.5539 2.5601 -3.8117 3.3978
3.7435 3.6728 1.0113 -3.6233 0.9726 1.0948 -1.8577 3.7734
-317.3181 -0.3816 -1.1402 -2.8774 1.3320 -0.1874 2.7509 0.8654
342.6243 -1.4206 -1.6310 -2.3553 3.6363 1.1857 -3.2446 3.5451
-204.5253 3.1791 3.4015 -2.7840 -1.8828 2.6097 -1.3290 1.7331
-55.5312 -1.2230 -0.2768 2.3902 -2.3540 0.7524 2.4038 2.6255
-17.1995 -0.1922 -3.2037 -2.5870 -1.6945 -3.6992 3.2427 3.2501
331.5996 -1.5992 1.9181 -1.3589 3.0104 2.7131 -1.7666 2.9074
-147.9509 3.8959 -1.4305 3.5998 -2.3438 2.4410 -0.2941 -1.5794
-108.6991 2.9905 -3.6818 -0.2270 3.5194 2.2148 -1.3579 1.4713
-315.5516 -3.0627 1.0724 0.8865 -1.2350 0.8693 -2.2463 -3.8819
19.6293 -2.3959 -0.0429 -1.5040 2.9779 -2.0052 -0.7115 -1.5742
-384.0908 -2.8002 1.7391 -1.1712 -3.5423 -3.8292 -2.2604 -3.1602
-232.2080 3.1306 -1.1706 -0.6699 -3.4577 1.1139 1.4222 -1.6169
-348.4013 2.5394 -2.7639 1.8826 -1.7648 0.3081 -0.4672 -3.9053
101.3901 0.1799 -0.7966 -2.9727 2.8714 -2.4915 0.8580 0.0129
-215.5061 -0.3979 1.8153 3.9762 3.2398 2.8444 -3.8904 -2.0439
-356.5806 0.4469 -3.5859 -1.6203 -1.8812 2.9474 -0.9895 3.1668
-100.8129 -0.0227 -1.3997 -1.1687 -1.4631 1.7691 -1.8025 3.8521
-375.9020 -3.9270 -2.3359 1.3161 -3.9535 1.5671 2.7942 0.3189
202.0906 2.7090 -3.2450 1.6687 -2.7467 -1.4752 -1.9965 -2.3521
-352.3781 -1.0804 -0.8362 -3.5878 1.5366 -0.8709 -3.0670 -1.6564
1.8059 -3.1751 -2.5397 2.9545 -0.3598 0.0468 -0.5727 1.2891
341.5366 -1.8806 0.4695 1.4534 -1.6302 1.6387 -1.8119 0.3454
-131.2735 -0.9805 -2.2335 1.3097 -0.9136 -1.5320 -2.2487 1.7194
113.8028 -0.5069 -2.0777 -2.5422 -0.6959 0.4381 -0.3283 -0.1374
-255.1240 0.8055 1.9734 2.1839 2.5264 -2.1337 2.4328 0.2965
310.6069 3.3787 -3.0060 -1.6969 0.8299 -1.5206 -2.7677 1.4799
58.0449 -3.1202 3.5297 -0.2799 -3.8160 -0.0223 0.6988 -0.8019
111.6859 3.7183 1.7645 -2.6993 1.1259 0.9742 0.3691 3.0105
263.8887 -1.2561 2.5314 -2.7422 -0.2171 3.4883 -3.9626 -0.7807
-58.9476 -2.4230 0.9959 2.8700 3.2898 -2.8874 1.4583 -1.2873
358.8520 -1.4805 0.1521 -0.4216 -1.3363 0.2768 -3.8760 0.5308
-369.2930 1.0239 -1.3310 -3.8165 -1.1448 0.3864 0.7705 0.6585
-330.1725 3.1999 0.2866 1.5444 -3.1610 1.6715 2.2793 -3.3553
-64.2191 -1.7299 1.2601 2.4938 1.1145 2.8799 0.5190 -0.1857
330.3866 -3.5296 -3.2893 -3.4922 2.3422 1.4140 1.1244 0.4562
18.3855 -3.4874 -2.3415 0.0091 3.4003 3.9304 -3.0217 -0.5470
-243.0920 1.7464 2.8875 -0.3868 1.2898 0.7241 -3.9013 3.9682
-274.4584 -0.3253 3.4883 3.9075 1.6299 3.6836 0.6706 -2.7660
301.6661 2.5887 3.5846 -2.9598 -2.5305 -3.6396 -0.9570 -1.2157
-338.0600 -3.1612 -0.5654 -0.1186 1.1183 -0.3052 -3.8452 -3.4147
273.1259 -2.0598 -0.0341 -0.4311 -3.4989 0.8319 -0.7182 -3.6421
268.1028 0.9909 -0.0005 -1.5679 1.6856 1.1650 1.7922 -1.0002
-60.4413 -2.8109 2.9571 -2.1115 -2.1494 1.2020 -1.1663 3.1095
-149.2990 1.1973 2.6326 -2.0163 0.7334 -2.8040 1.8768 -2.6304
152.6175 3.4270 -2.2584 0.4709 0.9711 -0.6501 -3.8980 1.7661
-84.4057 3.0101 -3.2769 -1.7949 -1.5863 2.5182 -0.8286 3.9132
-3.2726 -1.0518 -1.9365 -1.5891 3.5327 -1.8681 -0.0662 -2.2728
305.0566 3.2058 -1.2284 3.5417 -2.1250 -3.5781 -1.3250 1.8982
-88.3354 3.5041 1.8253 0.6146 1.5792 -0.2308 0.4312 3.1923
395.0333 -3.4972 0.3263 -1.6455 -0.6098 1.6142 -1.7803 0.3121
-111.4740 -2.1635 -3.8167 0.3883 -1.5855 -3.3295 -3.3769 1.3659
224.8133 -0.7359 -3.2353 -3.2973 3.2227 2.7092 -1.8984 -1.8905
-16.9059 2.9917 -1.6739 -0.1557 -1.5152 2.4847 2.7294 -2.1421
11.7684 2.0258 3.7841 2.9909 -2.5284 0.4668 3.1641 3.6716
-210.9260 0.9931 -3.3170 2.1277 -1.3424 -0.7320 -1.0207 2.6605
-245.6996 -2.0707 -1.9773 -2.2244 -3.9735 3.5349 -1.8525 2.5966
50.9007 -0.4400 2.0229 3.9107 -3.4379 -1.3641 2.2230 -1.7242
-43.5279 0.6057 2.1770 -1.5564 2.2908 0.8213 -2.9240 0.1227
-387.7957 -3.2235 0.9217 1.1764 -0.7102 -1.7114 3.3689 -2.7595
163.0234 0.3453 -0.1494 -3.0231 0.5872 3.7037 -2.2626 0.8262
285.7640 0.7471 -3.8875 0.4972 2.4179 1.5661 -1.2751 2.1054
-387.9084 -0.3275 3.3674 -0.9063 0.7992 -2.3822 -2.7073 -0.5475
61.8426 -0.6686 -1.2105 -1.8017 3.5584 -3.3780 3.4349 3.5803
280.3937 0.5169 -3.1437 2.6474 0.4667 0.7741 -0.2893 -0.4125
-78.0638 1.3881 3.1676 0.1192 -2.1241 -1.1614 -1.7800 -0.7683
209.5776 -2.1529 0.0532 2.0207 0.6070 -3.3787 2.7191 -2.9268
-125.1622 2.7799 -3.1929 3.9549 2.6413 1.0620 0.2591 2.2665
140.2714 -1.6956 -2.2088 -1.2117 0.9930 -2.7263 0.3267 0.4861
276.2348 -3.8810 1.5993 2.5648 1.8670 -2.7885 3.7325 1.2270
12.4043 3.2839 1.6065 -1.6802 -1.5304 -1.0082 1.4329 -2.3951
-177.5667 -0.5907 -0.5168 -0.5396 1.5026 -0.2630 3.5121 -2.7438
-103.6956 -1.8000 3.0988 1.0081 3.2963 3.2097 2.5230 2.6054
-101.6622 2.0989 0.6439 2.4498 -1.3968 -2.2972 -3.8862 3.6982
244.1009 2.8272 0.4020 -2.4326 1.2773 -2.3932 3.2092 1.5718
381.2379 -1.6459 1.5908 -3.7917 -0.5996 3.5003 3.4121 -0.4513
-383.2284 1.8746 0.0313 0.1477 -0.2823 -3.9049 -3.8168 0.3707
-293.3397 3.5330 -2.8755 2.3286 2.9115 0.8969 -1.9924 2.7484
-165.1120 -1.9407 -2.5592 -3.4149 -2.1079 -1.3648 -0.0488 0.9586
-49.7226 -1.9010 -0.1206 -1.3007 -0.6710 3.0639 -2.2657 -3.0197
-206.5972 -2.4007 -0.3085 -0.5656 2.1647 1.1174 0.3477 3.7937
-65.6624 2.9678 3.5446 2.4716 -1.9823 -2.7955 0.5754 -3.6319
167.2003 2.2746 1.3844 2.1149 -3.8552 3.4877 0.6182 -2.5732
-352.8638 -3.0319 3.0535 -2.3204 1.3574 3.8356 -0.5801 -1.4974
181.9764 0.1403 0.3380 1.2446 3.0449 3.1100 0.1064 2.2023
-287.5961 -1.3212 -0.0081 2.6893 -1.3222 1.1143 1.1341 -0.3395
-182.2098 0.0456 3.3385 -3.2340 -2.5265 -3.7671 1.1107 1.7050
27.4537 -2.5394 3.2270 -0.3875 -1.5776 2.0807 -1.0149 0.2994
28.4944 2.5199 2.5594 -3.5479 2.2582 -1.1581 3.4735 -3.0393
-367.9905 -0.5748 -1.7476 0.7513 0.7733 1.7207 0.3128 -0.1103
379.0400 2.1217 -3.9709 -3.3175 2.3824 3.3801 -3.9217 2.5700
-244.6809 2.5056 0.9411 0.5253 2.9115 3.3078 2.9137 -1.0445
360.0452 0.7129 -0.6404 -2.7620 -3.8341 -2.7682 -2.6451 -2.9519
354.4362 -3.3040 0.1666 1.1986 -2.0561 -3.7530 -3.3591 -1.4667
-126.4684 0.4858 3.1357 -0.3253 3.5462 3.7592 -1.0174 -1.9203
-145.1126 1.7926 3.9969 0.0981 1.2542 -3.1786 -3.6158 -1.2743
130.7106 3.2067 0.4116 0.3484 1.1502 2.8327 -3.5715 3.5059
349.2865 0.7314 -2.9340 -3.7086 1.2762 1.5326 1.6638 0.5168
252.0733 -2.4625 -2.9678 3.7054 -2.2490 -3.1203 3.6236 -0.1035
143.6953 2.0526 0.2552 1.1222 3.9398 -2.0978 -3.1062 3.7626
46.2928 2.4755 3.5453 2.6276 -1.4038 3.0553 -0.9761 2.1250
59.6355 3.7061 -2.6478 -2.7533 0.9303 3.4962 0.7937 -2.2379
-11.4726 0.7741 3.8051 2.5674 2.6749 3.1552 -0.9200 -0.9348
219.4269 3.0008 3.0541 2.7379 -0.6339 -0.6055 2.8010 1.5490
-65.6330 -2.0138 0.2062 -0.7922 3.1085 -0.4815 3.7463 -1.2303
321.4617 3.9713 -2.5645 3.1192 -1.4740 0.7855 -1.8982 0.1140
315.4301 1.0504 -1.3964 0.4347 -2.5989 -2.7434 2.5662 -1.7409
-213.7937 -3.6411 -3.6027 1.2513 1.2507 2.9378 -0.8850 -1.4580
-170.2578 0.7151 1.2077 -0.5599 3.3499 -3.0062 -1.4466 3.1352
357.7993 -2.0587 3.9358 3.5598 2.7751 -3.6985 -3.2431 0.0633
-122.8946 3.9241 -0.6445 -2.2452 -0.7207 -2.0800 2.8366 -1.8971
257.1676 -2.4141 0.5089 -1.4528 1.6379 2.0096 -2.1306 0.2505
224.2131 -3.4645 1.7138 2.3070 -2.0727 -0.2896 -2.0568 -2.2868
-69.6098 -3.3696 3.5773 1.7505 1.4787 -1.7857 -0.6131 -0.9447
288.5997 0.9728 0.8806 2.0970 -0.9910 1.5506 0.6863 2.7716
323.8659 -2.0772 1.7937 -2.4089 0.7113 3.0176 -0.9454 -1.6648
-348.5198 2.8407 2.2137 -3.9216 1.0884 1.0362 -1.3774 3.8442
-388.4297 -2.5176 -2.1011 0.6974 -3.1627 1.7570 0.2803 3.8195
-113.5357 2.8130 -3.7225 -2.0442 -1.2502 -0.3361 -0.5237 1.2573
-381.9704 -1.4153 1.3371 -2.5836 -1.0966 1.2679 2.3266 1.3259
-354.9617 3.7341 0.8217 -3.0825 3.8428 -1.4580 1.8300 -0.9072
234.9818 3.8480 3.4373 1.5994 3.1617 -3.4142 -3.9869 1.2938
-42.0262 -3.0841 1.0114 1.2360 -1.8891 -3.7681 -2.5255 3.7970
136.4331 3.6828 0.8019 -1.1643 -2.0773 3.2365 1.2257 -1.3054
-334.1262 1.4604 -2.3764 0.8124 -1.6481 -3.6393 2.2928 -0.2227
-329.1321 2.8941 2.4024 3.0507 2.2386 -1.8816 -3.6352 3.5039
379.1091 2.5370 -0.5802 -0.7266 -1.1640 -2.2871 0.5406 -1.9538
176.5403 2.2694 1.9894 0.7612 1.1180 2.1691 -3.9452 -0.8337
-342.4692 3.4751 0.9274 -1.2333 3.0412 -0.7156 -1.4603 -1.9631
353.1900 -3.6503 -0.7105 -1.0307 1.8844 -2.2316 1.8856 1.4383
-349.7236 -2.8977 3.5131 1.5992 3.4196 2.3219 -1.8786 -1.5599
271.1212 3.7082 -3.1386 -3.7447 -2.8444 -3.7447 2.9982 0.6528
-185.3746 -0.0613 0.7192 1.9592 3.9759 1.9103 -1.0318 -1.7668
-345.7004 2.8318 0.8375 2.2377 1.7245 3.2810 -3.1028 -1.9953
107.7073 -3.7718 2.6674 -1.5595 -2.3744 3.1450 0.7804 2.5711
24.4087 -1.0925 -3.9977 -0.3605 3.7966 -2.7397 3.7608 0.7015
-213.3951 -1.5938 3.7265 0.2128 -3.2485 -1.3967 3.2151 -1.3359
-17.0019 0.6680 -3.3913 -3.8257 2.2299 2.6102 -2.6683 -2.5461
-393.4539 -0.1743 -3.1168 -3.6964 1.7161 1.0619 2.7492 0.0947
374.6012 -1.7371 -1.9157 0.2808 0.4281 -1.2602 -1.3450 3.8555
315.8433 2.7615 -0.3963 3.1838 -0.6087 -0.7790 -2.0265 1.0028
-335.7355 -0.1092 -1.8958 1.7385 -2.1799 2.8307 0.5795 -0.8680
-352.8456 0.8486 3.9464 -0.5333 3.4864 -1.9667 1.5074 -3.5527
169.2302 1.0504 -3.7905 -1.6116 0.0848 -0.4252 -2.6649 3.9139
214.5639 2.1811 0.3368 3.9527 -3.9898 -1.7260 -0.9075 -2.7547
4.0300 0.7951 -3.2884 3.3523 -3.6530 1.4394 -0.8332 -2.6480
-13.3825 2.6940 3.4324 -2.3488 -3.8807 0.0343 0.5619 1.5256
168.7435 -3.2946 -3.6680 2.9553 3.0982 3.8540 -0.9051 -3.3465
381.7873 1.6363 -2.0838 1.7396 -2.5053 0.8724 1.3882 -3.6326
-299.5844 3.6789 -0.9727 1.6093 3.9048 0.4307 0.6588 -2.4971
189.2678 -3.9009 -0.8708 2.7273 -0.3498 0.8031 2.7457 -1.8551
280.5541 -2.6558 -0.9998 0.8122 1.6497 -3.5577 3.1529 -0.0760
136.2388 1.8808 2.6950 -3.9616 1.5445 1.3607 3.3924 -3.9428
-276.2663 -3.7698 0.3628 -1.3703 0.4605 -2.4388 1.7776 0.8090
145.6608 3.6779 -2.2034 -2.9051 0.4019 -1.5872 -1.7094 2.7684
-3.9751 -1.2534 -2.7521 3.8584 -1.0771 -3.0046 1.3034 -1.2240
243.3298 1.4365 0.0159 -3.5609 2.2356 1.3247 -0.3146 0.0925
344.1859 -3.6974 -3.9537 0.2630 2.0579 -1.9582 -3.8827 -0.4170
-148.9096 -1.7165 -3.0744 -3.5664 3.7143 3.0946 -1.1558 -0.1037
162.3720 0.7891 0.2487 -3.2904 -2.2838 -3.0002 0.5786 -0.7787
-281.5729 1.0656 -0.8413 1.4982 3.7173 -3.4470 -1.7323 0.4385
286.5062 3.0771 -0.2022 2.8238 2.1120 3.0407 2.0259 2.0173
-228.6851 2.9172 -2.1909 -2.7503 -1.2259 3.9586 3.2881 3.7615
-272.1152 -3.6352 1.6042 2.7608 -2.9183 2.7878 -0.9119 -3.2983
-396.9782 -2.6462 -0.0035 3.2956 -1.1708 3.3853 3.5104 1.4586
242.5344 -2.7814 0.6146 0.1870 1.9672 -3.7866 2.9099 -0.5222
369.3070 -0.8894 2.6879 -2.1603 3.5380 3.9585 3.2730 3.1281
-227.9886 1.1527 -1.5850 -0.6328 -3.1875 -1.9132 0.8562 0.6526
393.7872 1.7195 -1.0252 2.8843 -1.8240 -2.4644 -2.4968 -0.5930
-296.8535 -1.2917 -2.5166 -0.8548 -2.2640 -2.7924 -1.1661 3.5965
-135.3284 0.5434 1.1259 0.7732 1.6112 -2.4419 -2.9996 -2.9863
-50.8376 -0.9631 -0.4520 0.3333 -2.1324 1.3573 0.1806 -1.6752
365.6524 -1.0364 2.4551 -0.4133 -1.3335 1.7055 1.7446 -1.1758
154.8632 -2.5491 3.3089 -3.2997 -3.0195 -1.9742 -2.5985 -3.8002
-310.4868 0.6794 -2.5908 0.4316 2.5381 1.5012 0.3228 1.6844
-58.4836 1.9122 1.6980 -3.6859 0.8467 2.0158 2.1146 3.8689
-79.5441 1.6003 -0.5534 1.5284 -2.4628 2.8740 -2.4324 2.5132
282.0839 0.8048 3.1316 -3.6767 1.0275 -1.3722 -3.2419 -0.8534
374.5234 3.7100 -3.2565 0.1736 0.0518 -2.5894 -0.7850 1.1058
-131.4601 1.5037 -1.1960 -2.1577 -2.5540 1.8176 1.7245 -2.9303
191.2428 -2.8158 -1.4002 0.1752 1.0621 -2.3573 -3.9588 -3.4297
255.4423 2.8026 1.7836 2.8890 1.2176 -2.9679 -1.6098 1.8888
89.9050 -0.7379 -2.4349 0.5141 -0.8466 -1.7109 0.3210 1.1226
280.8232 -3.5401 -0.1808 -2.0683 0.2303 -2.3266 -0.1727 3.4107
11.5044 -3.3177 2.3168 3.7524 -1.1861 3.9790 2.9060 3.0503
-108.4170 0.0584 2.9566 0.6576 -0.5136 -1.4662 1.6866 -1.1384
355.8618 3.1668 -3.1915 0.4984 -3.2965 -3.5427 -0.0638 0.3786
-46.4927 2.5258 1.4968 -3.8665 1.5951 -0.6550 3.4472 1.7546
304.6462 2.5349 3.9787 -1.6113 3.1533 -1.0223 -0.2479 -2.1394
287.9850 3.9856 1.3354 2.8231 -2.8697 3.4784 -1.4986 3.2945
-256.9926 -3.2178 1.5056 1.9035 -3.2675 2.9404 -1.8924 -0.9230
-399.6416 -3.9969 1.7868 -2.2999 -0.1229 -2.3879 -0.0137 -3.7699
-298.4529 3.2172 1.6225 -1.9604 -3.4273 -1.0911 1.4104 3.6312
-237.6845 3.3400 -3.3957 -3.6527 1.4876 -0.7843 2.8465 1.7210
54.2930 -2.3641 3.9202 -0.4601 3.4744 0.4244 -3.4163 -3.8211
-188.3794 -3.9586 2.5194 -0.7299 -0.9058 -1.1152 0.5973 -2.6402
-58.2943 -3.8561 2.6352 2.0700 1.8772 2.7710 -1.8373 -1.5787
382.2474 -1.2842 1.0349 -2.6931 -2.5668 -2.4126 3.2081 -1.9509
141.7411 -0.5875 -0.8394 3.0293 -3.1766 0.0131 3.5010 1.6929
156.7922 -3.8854 -0.7692 2.4188 -1.0391 -3.9054 3.4394 -1.1294
-268.4385 -0.8151 -3.2152 -2.0696 -1.8826 -1.5194 -0.6061 0.8527
-367.8856 -2.4119 0.8988 -0.4531 2.1232 3.1560 -2.2713 2.0845
363.0599 3.3834 0.4641 -2.8543 0.9988 2.8003 1.9684 3.3846
192.9700 -0.7471 3.4505 0.3510 3.8502 -2.5470 1.0618 -1.6377
89.7275 2.0169 3.3353 -2.8122 2.7930 -3.6846 -3.8971 -3.4830
226.2032 -1.6749 3.9173 3.5954 0.7781 3.6172 -0.6477 -0.7432
275.8869 -1.2620 0.4490 1.5684 -3.0366 -0.0319 -1.3305 3.2162
174.8492 -1.7094 2.4165 3.5302 3.3561 3.6991 3.8834 -2.5341
246.8598 1.0935 -0.7359 2.9147 -0.4711 -2.1044 -1.7141 -1.0739
4.0783 3.8315 2.4550 2.2741 3.1926 3.3457 3.9045 -3.4011
-215.9697 -0.7152 -0.7640 -0.0967 -1.7749 -3.7195 -2.9950 1.5950
241.9088 -0.8235 -1.7581 2.4828 -1.6547 3.1789 0.1888 0.8660
205.4105 2.0713 2.2588 3.3490 3.0404 3.5446 -1.8283 2.0039
-259.9476 -3.2768 -3.1567 -2.8847 -3.3068 1.3073 -2.3761 -1.4264
306.6926 3.7587 -0.7085 3.8905 -0.7622 2.6614 1.2912 -1.1075
-389.1650 -0.7492 -1.0591 3.5992 -0.4770 -1.2795 2.4824 0.4040
-329.2871 -1.5314 -2.7685 -0.5995 3.0801 3.3601 -1.9816 -0.1087
-324.4685 2.4609 -1.1580 -2.7116 0.5157 -3.7886 2.5764 2.6266
-197.9361 3.5228 -3.7042 0.2058 -1.6214 0.7317 3.6949 -0.2865
23.5574 3.4873 -2.6933 -2.2722 2.7697 -1.3017 3.3124 -1.2003
-41.8989 -0.4427 1.9066 2.2681 -2.9632 -3.7841 -3.5671 2.2986
377.7404 -0.4424 3.1583 1.4046 -1.9665 -2.7271 -3.2928 -0.6366
-216.2318 -2.4882 -3.5566 3.8722 -1.7097 -2.7279 -2.5729 3.0631
-153.3648 -0.9045 -3.2612 -3.5779 -2.7791 3.5960 2.7099 -1.4023
318.3893 1.5982 3.5802 2.5165 2.6055 -0.2136 2.1349 -2.3714
-203.8510 1.8546 3.8201 3.7753 -1.1475 -3.5095 -1.1389 0.1850
-378.7573 0.5437 0.3452 3.4184 3.0587 2.8494 0.7891 -3.1094
-267.4620 -1.6769 0.2288 2.6270 -0.4732 0.7053 1.3644 2.9777
-188.8127 0.3362 -2.2244 -1.1555 -3.8949 -2.4028 -0.3185 -3.3949
196.9829 0.4880 -1.8007 -3.8199 -1.4202 0.1230 -3.0963 3.3408
26.4718 -3.9084 2.1670 -0.6409 -3.4080 2.1939 -2.4855 3.6768
246.3260 -1.9879 0.8950 3.6282 1.5185 -3.7076 -3.1342 -2.8972
-184.1782 -1.4677 -0.0293 -3.0221 2.2485 1.6022 3.3166 -2.3410
267.4903 2.0149 -2.2059 -3.7208 -2.0684 -2.4766 -1.8465 -1.0910
199.9149 2.1553 -1.4851 3.6999 -1.4036 0.8297 1.7432 -3.3659
251.5204 -0.9028 -0.7313 1.3046 -2.9137 1.5996 -0.9777 2.2465
-66.6887 -3.3925 1.1315 2.4826 -3.4750 -1.7096 -1.8779 -3.5779
-122.6532 2.2150 -0.6368 -1.3637 0.8482 -1.7292 1.1225 -3.6037
-199.0714 -1.5804 -1.0133 -0.9613 -1.8139 2.5852 -0.4286 2.1103
317.6658 -2.1545 -0.5235 -3.3654 -0.2407 1.7734 0.3895 1.0026
-100.7726 3.7841 -1.1434 -3.0713 3.0215 -3.8095 -1.6340 -0.2970
219.4539 -1.4759 3.6951 0.9010 0.7133 -3.1911 3.8035 -1.2360
-109.7104 -3.8147 -2.2098 -3.9986 1.3866 -0.2863 1.7772 -0.7873
265.6160 -2.1080 0.9635 -2.8740 -1.4488 -3.2000 -1.7557 -3.4555
185.7468 2.6620 3.7206 2.4763 2.2292 2.1978 0.2124 -1.7933
-82.6474 1.3860 2.4523 -2.6231 -1.4917 -1.6113 -0.9208 2.3957
-284.0109 -1.0777 -0.2767 1.0283 1.2657 -2.1762 1.5180 -1.7872
51.9726 0.2583 -0.7716 3.1511 0.4863 1.1974 -0.8814 -3.4448
114.1558 -2.4779 -1.8266 3.3029 -3.2532 1.1551 -2.9240 2.6573
307.4544 -0.3390 -1.1458 -0.4466 1.4580 3.8942 -2.5352 1.2272
42.2289 -2.9378 3.1880 -2.4435 3.3191 -2.2379 -3.3898 2.2488
221.9809 -1.6580 3.1131 -0.3655 -0.6610 -3.3206 -3.7032 -1.4284
-242.8713 1.0437 2.7803 -1.6798 -2.4823 -0.4751 1.0764 -2.1544
-120.0182 -2.3953 -2.5645 -1.2587 3.8575 -2.3827 -1.2830 -0.9855
300.3905 -0.1567 -2.5993 2.2706 -3.0927 -1.6446 0.8853 0.7102
-24.5002 -1.3947 3.7374 -3.2145 3.2476 -3.7329 1.5289 -2.7882
-156.2677 -2.3531 0.6416 -2.1495 3.0564 -3.2501 -0.3857 -3.8230
195.6524 3.3361 -2.8180 -2.9406 2.4406 3.0742 1.5741 -3.1481
-273.6832 -2.4925 1.3068 3.9333 -2.3548 3.8701 2.2809 -3.9600
86.3661 3.4396 -1.6857 -0.2049 -0.1900 -0.6323 -2.8792 1.8385
363.7226 -3.2657 1.8379 -2.5039 2.7665 0.0434 2.2703 -0.3895
250.3935 1.4243 -0.3594 0.3297 -3.8650 -0.4695 -3.4729 1.0281
-296.6967 3.1057 1.6196 1.9144 3.9372 2.5154 2.2521 1.5309
-263.1344 -0.5077 -2.1046 1.4489 -1.9041 -0.7470 -1.5923 2.6858
303.9048 -3.3566 -3.5733 -0.4441 -1.9878 0.9028 -0.0517 0.8651
197.0647 -2.9378 -2.5893 -0.7654 -1.4532 -2.3630 -0.6368 1.5820
-120.2946 3.5767 -3.9020 1.9317 -2.1898 -3.0761 2.1321 -0.5141
81.2832 -2.7049 2.3772 -2.6870 -0.7676 -0.7114 3.0369 0.2926
-239.1597 -0.7384 -1.0039 -2.1954 0.3860 -2.7663 -3.0897 3.4741
-18.5862 -3.1636 3.8996 3.4149 1.6710 -0.0005 2.5994 2.9691
23.5346 3.5679 -1.5434 3.6289 -1.4148 -2.8205 3.5615 -2.4342
-48.4599 -0.1287 -0.8868 -2.8041 0.5101 -3.4008 -3.0904 -3.4215
-44.5739 -1.7426 3.6743 3.7239 -1.9720 -2.4864 -3.5946 -3.4215
130.6133 -2.9018 2.6133 -3.8110 -1.2794 1.1980 1.0002 1.0458
267.4241 3.9569 3.7404 1.1148 -0.9970 0.8222 -1.6917 2.2664
43.9736 -2.3181 -2.6026 0.3217 1.0732 1.4636 0.1578 -1.8290
-131.7569 -0.4825 -2.5440 -0.6573 0.9537 -3.7018 3.7111 -0.5123
162.4679 2.9066 -0.7530 3.4363 -0.8679 -3.7437 2.1453 -0.7624
-385.4240 -2.9751 3.6101 -0.4000 -2.3678 -0.2124 -3.7384 2.2698
-231.1876 -2.6531 -2.8500 3.9587 -3.8106 -1.6190 3.1925 1.2239
-287.5677 -0.4453 -0.4846 -3.7082 -2.5548 3.1138 -3.3701 -3.3325
-262.7295 -3.1329 -3.5460 -1.9858 -0.7032 -1.9721 -1.0533 -2.9705
204.1078 3.1152 0.8382 -1.2677 1.3090 -1.3144 -2.8034 3.4268
-191.9144 2.2512 0.8038 2.5838 2.5648 1.8766 3.1692 -3.2340
-309.7040 2.1453 -1.4844 -2.7988 -3.6893 -1.2196 -3.0554 -0.3107
-47.9120 -0.0717 3.8053 3.1910 -1.1026 1.8466 -0.4151 -1.7038
-197.7049 -0.3203 -1.9756 3.3610 2.3164 3.3028 -3.4433 0.1218
-111.4983 2.8197 2.8204 3.5622 1.1437 -1.3200 2.7002 -3.1203
359.9276 2.0662 3.7663 1.6222 -0.0494 -2.0044 2.7673 -2.7866
-351.5737 -0.0793 3.6137 0.7976 2.9383 2.6606 -0.3929 2.6372
-48.9531 -1.8752 3.8087 1.8240 1.4516 -3.3330 2.8878 1.0838
320.5109 3.6180 -2.2083 1.7886 -1.5176 -3.6514 3.3031 2.3548
-212.6490 -2.4613 2.2849 1.2005 -2.0087 2.5119 3.4097 1.5417
196.3525 2.7512 1.9093 -1.7693 -1.7177 -2.5879 1.2202 3.1636
-393.6003 3.5648 2.1594 -0.0602 2.9138 -1.8548 0.7654 2.7856
-188.3081 -0.9079 0.1376 -1.0241 -3.7389 0.8087 -3.4272 1.3736
-225.6969 1.2657 -0.3384 -3.5566 0.3969 3.4872 3.5764 -2.7788
-185.0061 -1.9543 1.1815 -2.9067 3.5960 2.2420 1.7955 2.9092
-278.8583 2.8952 -3.3965 -1.9689 -0.9474 -2.1902 -2.2534 3.1837
-69.2723 -3.3889 -3.1406 2.9679 -1.1995 -1.6392 -3.8515 3.3451
168.1511 2.9425 -1.9159 -0.3584 -3.5701 0.4225 -1.5540 1.8703
-66.4579 1.6083 -3.2088 1.7829 3.1854 -3.3303 -3.9379 1.8513
44.3615 -1.9551 -1.7436 -2.7353 -2.9806 0.9440 -3.9381 -0.8912
232.4316 2.7356 -1.4271 1.2170 -0.7891 2.5421 3.3132 0.3633
-323.1803 1.2595 -0.5131 -2.8371 -2.1227 -0.2144 1.3094 3.9174
371.1637 3.4481 -0.7144 0.4990 1.7406 3.5760 -0.1963 1.8093